0.0 0
0.0 0
3.0 3.7140145
0.0 0
5.0 1.7577757
0.0 0
0.0 0
0.0 0
9.0 64.164734
0.0 0
0.0 0
0.0 0
13.0 67.62333
0.0 0
15.0 1.4698286
0.0 0
17.0 2.5225272
0.0 0
19.0 1.7642674
0.0 0
21.0 3.0152762
0.0 0
0.0 0
24.0 5.7789288
0.0 0
0.0 0
27.0 8.269285
0.0 0
29.0 27.186003
0.0 0
31.0 1.6383162
0.0 0
0.0 0
34.0 7.598479
0.0 0
0.0 0
37.0 5.182896
0.0 0
0.0 0
40.0 1.9908803
0.0 0
42.0 2.659505
0.0 0
44.0 0.41859
0.0 0
0.0 0
47.0 3.2750604
0.0 0
0.0 0
50.0 2.522523
0.0 0
52.0 3.3202217
0.0 0
54.0 6.0028014
0.0 0
0.0 0
57.0 12.242625
0.0 0
59.0 6.677615
0.0 0
61.0 2.3328643
0.0 0
0.0 0
64.0 13.6533985
0.0 0
66.0 31.668844
0.0 0
68.0 21.733164
0.0 0
0.0 0
71.0 28.661285
0.0 0
73.0 17.854654
0.0 0
0.0 0
76.0 3.5182555
0.0 0
78.0 4.490658
0.0 0
0.0 0
81.0 2.1714697
0.0 0
0.0 0
84.0 2.3079917
0.0 0
0.0 0
87.0 2.862259
0.0 0
89.0 2.125019
0.0 0
0.0 0
92.0 3.1754282
0.0 0
0.0 0
0.0 0
96.0 21.048962
0.0 0
98.0 2.2752109
0.0 0
1.0 1.8506653
0.0 0
3.0 1.6566906
0.0 0
5.0 0.12990893
0.0 0
0.0 0
0.0 0
9.0 97.04168
0.0 0
0.0 0
0.0 0
13.0 95.80221
0.0 0
15.0 0.1948893
0.0 0
17.0 0.06292805
0.0 0
19.0 0.12424737
0.0 0
21.0 0.13646752
0.0 0
0.0 0
24.0 5.7423086
0.0 0
26.0 3.3889647
0.0 0
0.0 0
29.0 57.631763
0.0 0
31.0 0.14123292
0.0 0
0.0 0
34.0 2.5047343
0.0 0
0.0 0
37.0 2.7447875
0.0 0
39.0 0.3544548
0.0 0
0.0 0
42.0 0.25523382
0.0 0
44.0 0.003146031
0.0 0
0.0 0
0.0 0
48.0 0.38702703
0.0 0
0.0 0
51.0 0.46422097
0.0 0
53.0 1.926664
0.0 0
0.0 0
0.0 0
57.0 7.103693
0.0 0
59.0 2.2428343
0.0 0
61.0 1.3473026
0.0 0
0.0 0
0.0 0
0.0 0
66.0 47.246788
0.0 0
0.0 0
69.0 43.58699
0.0 0
71.0 45.03757
0.0 0
73.0 9.175442
0.0 0
0.0 0
0.0 0
0.0 0
78.0 0.77798986
0.0 0
0.0 0
81.0 0.4543654
0.0 0
0.0 0
84.0 0.27581725
0.0 0
0.0 0
87.0 0.90611124
0.0 0
89.0 0.1080073
0.0 0
91.0 0.23494104
0.0 0
0.0 0
94.0 0.66896886
0.0 0
96.0 18.567823
0.0 0
98.0 0.19581132
0.0 0
1.0 0.118805096
0.0 0
3.0 0.31717873
0.0 0
5.0 0.41497388
0.0 0
0.0 0
0.0 0
9.0 94.63423
0.0 0
11.0 90.44375
0.0 0
13.0 93.71189
0.0 0
15.0 0.00947138
0.0 0
0.0 0
18.0 0.1074648
0.0 0
0.0 0
21.0 7.5984893
0.0 0
23.0 8.343961
0.0 0
0.0 0
26.0 5.946159
0.0 0
0.0 0
29.0 64.871666
0.0 0
0.0 0
0.0 0
33.0 4.7016673
0.0 0
35.0 0.5120461
0.0 0
0.0 0
38.0 2.0869753
0.0 0
0.0 0
41.0 0.47833934
0.0 0
43.0 0.007048136
0.0 0
0.0 0
0.0 0
0.0 0
48.0 0.41677758
0.0 0
50.0 0.17388684
0.0 0
52.0 0.40078247
0.0 0
0.0 0
55.0 4.0523887
0.0 0
57.0 4.640529
0.0 0
59.0 0.8603189
0.0 0
61.0 3.854049
0.0 0
63.0 12.653932
0.0 0
0.0 0
66.0 60.244118
0.0 0
0.0 0
69.0 59.50057
0.0 0
71.0 33.077908
0.0 0
73.0 0.9692493
0.0 0
0.0 0
76.0 1.8236921
0.0 0
78.0 9.87067
0.0 0
0.0 0
0.0 0
82.0 0.71432525
0.0 0
0.0 0
85.0 0.071113765
0.0 0
0.0 0
0.0 0
89.0 0.7593075
0.0 0
91.0 0.13513274
0.0 0
0.0 0
94.0 0.31576246
0.0 0
96.0 32.344315
0.0 0
98.0 1.1247028
0.0 0
0.0 0
0.0 0
3.0 0.14614438
0.0 0
5.0 0.037280977
0.0 0
0.0 0
0.0 0
9.0 95.251656
0.0 0
11.0 87.57478
0.0 0
13.0 96.1186
0.0 0
0.0 0
0.0 0
0.0 0
18.0 0.14757569
0.0 0
0.0 0
0.0 0
0.0 0
0.0 0
24.0 23.542868
0.0 0
26.0 1.1827468
0.0 0
0.0 0
29.0 19.205845
0.0 0
0.0 0
32.0 2.36638
0.0 0
34.0 0.41858912
0.0 0
0.0 0
0.0 0
38.0 1.3269408
0.0 0
0.0 0
41.0 0.49493736
0.0 0
43.0 0.007048136
0.0 0
0.0 0
0.0 0
0.0 0
48.0 0.62879163
0.0 0
0.0 0
51.0 0.12548591
0.0 0
0.0 0
54.0 1.090253
0.0 0
0.0 0
57.0 2.8722293
0.0 0
59.0 0.5296782
0.0 0
61.0 6.2930255
0.0 0
63.0 31.668816
0.0 0
0.0 0
66.0 59.166275
0.0 0
68.0 48.786312
0.0 0
0.0 0
71.0 34.548664
0.0 0
0.0 0
74.0 0.079816304
0.0 0
0.0 0
77.0 2.5494087
0.0 0
0.0 0
80.0 0.16815175
0.0 0
82.0 0.16102605
0.0 0
84.0 0.26595512
0.0 0
86.0 0.03945032
0.0 0
0.0 0
0.0 0
90.0 0.17305644
0.0 0
0.0 0
0.0 0
94.0 0.42960587
0.0 0
96.0 54.318348
0.0 0
98.0 0.3497854
0.0 0
0.0 0
0.0 0
3.0 0.16337171
0.0 0
5.0 0.17388608
0.0 0
0.0 0
0.0 0
9.0 94.12047
0.0 0
11.0 85.06771
0.0 0
13.0 105.50189
0.0 0
0.0 0
16.0 0.32724705
0.0 0
18.0 0.25059542
0.0 0
0.0 0
0.0 0
0.0 0
0.0 0
0.0 0
25.0 47.969357
0.0 0
0.0 0
28.0 49.442978
0.0 0
0.0 0
0.0 0
0.0 0
33.0 1.0444107
0.0 0
35.0 0.5341694
0.0 0
0.0 0
38.0 1.8779813
0.0 0
0.0 0
41.0 0.3819795
0.0 0
43.0 0.027618436
0.0 0
0.0 0
0.0 0
0.0 0
48.0 0.42223403
0.0 0
50.0 0.15194361
0.0 0
0.0 0
0.0 0
54.0 3.9191906
0.0 0
0.0 0
57.0 1.4423835
0.0 0
0.0 0
0.0 0
61.0 8.777676
0.0 0
0.0 0
64.0 10.790355
0.0 0
66.0 47.866577
0.0 0
68.0 62.169277
0.0 0
0.0 0
71.0 53.947044
0.0 0
0.0 0
74.0 0.046134118
0.0 0
0.0 0
0.0 0
78.0 0.81988597
0.0 0
80.0 0.040576708
0.0 0
0.0 0
83.0 0.14757569
0.0 0
0.0 0
86.0 0.03306676
0.0 0
0.0 0
89.0 0.117039315
0.0 0
91.0 0.4582857
0.0 0
0.0 0
94.0 0.3467029
0.0 0
96.0 63.522305
0.0 0
98.0 0.13249856
0.0 0
0.0 0
0.0 0
0.0 0
0.0 0
0.0 0
0.0 0
0.0 0
0.0 0
0.0 0
10.0 93.75498
0.0 0
0.0 0
13.0 105.719604
0.0 0
0.0 0
16.0 0.10965254
0.0 0
0.0 0
0.0 0
20.0 0.037492733
0.0 0
0.0 0
0.0 0
24.0 46.726284
0.0 0
26.0 3.458967
0.0 0
28.0 9.229561
0.0 0
0.0 0
0.0 0
0.0 0
33.0 0.90251213
0.0 0
0.0 0
0.0 0
0.0 0
38.0 1.6141052
0.0 0
40.0 0.9316539
0.0 0
42.0 0.24377607
0.0 0
44.0 0.01905279
0.0 0
0.0 0
0.0 0
48.0 0.5501573
0.0 0
50.0 0.026349058
0.0 0
0.0 0
0.0 0
54.0 1.2578186
0.0 0
0.0 0
57.0 4.316366
0.0 0
0.0 0
0.0 0
0.0 0
62.0 7.325157
0.0 0
0.0 0
0.0 0
0.0 0
67.0 54.17943
0.0 0
69.0 20.281334
0.0 0
71.0 32.45704
0.0 0
0.0 0
74.0 0.025281105
0.0 0
0.0 0
0.0 0
78.0 0.93906593
0.0 0
0.0 0
81.0 0.07456645
0.0 0
83.0 0.1338099
0.0 0
0.0 0
86.0 0.628788
0.0 0
88.0 0.07775944
0.0 0
90.0 0.18943864
0.0 0
0.0 0
0.0 0
0.0 0
0.0 0
96.0 63.178352
0.0 0
98.0 0.15268299
0.0 0
1.0 0.06816541
0.0 0
0.0 0
4.0 0.10692345
0.0 0
0.0 0
0.0 0
0.0 0
0.0 0
10.0 96.4131
0.0 0
0.0 0
13.0 105.83826
0.0 0
15.0 0.035826094
0.0 0
17.0 0.12240926
0.0 0
0.0 0
20.0 0.06028405
0.0 0
0.0 0
0.0 0
24.0 24.996162
0.0 0
0.0 0
0.0 0
28.0 28.441338
0.0 0
0.0 0
31.0 0.35759917
0.0 0
33.0 0.5524766
0.0 0
35.0 0.4886551
0.0 0
0.0 0
38.0 0.9578318
0.0 0
40.0 0.2062132
0.0 0
42.0 0.29920635
0.0 0
44.0 0.23277628
0.0 0
0.0 0
47.0 0.063605145
0.0 0
49.0 0.066731974
0.0 0
51.0 0.85345834
0.0 0
53.0 0.08107339
0.0 0
0.0 0
0.0 0
57.0 7.6681037
0.0 0
59.0 0.05380602
0.0 0
0.0 0
62.0 0.35289222
0.0 0
64.0 1.1116734
0.0 0
0.0 0
67.0 76.3724
0.0 0
69.0 13.580153
0.0 0
71.0 22.17895
0.0 0
73.0 1.1827468
0.0 0
0.0 0
0.0 0
77.0 0.57133776
0.0 0
79.0 0.4845028
0.0 0
81.0 0.033448964
0.0 0
0.0 0
84.0 0.4762979
0.0 0
0.0 0
0.0 0
88.0 0.11645531
0.0 0
90.0 0.055892996
0.0 0
0.0 0
93.0 0.15417072
0.0 0
0.0 0
96.0 67.31069
0.0 0
0.0 0
99.0 0.29786292
0.0 0
0.0 0
0.0 0
4.0 0.8989256
0.0 0
0.0 0
0.0 0
0.0 0
0.0 0
10.0 96.18178
0.0 0
0.0 0
13.0 102.8106
0.0 0
0.0 0
0.0 0
17.0 0.07186908
0.0 0
0.0 0
20.0 0.05178859
0.0 0
0.0 0
0.0 0
24.0 6.273315
0.0 0
0.0 0
0.0 0
28.0 33.98265
0.0 0
30.0 0.1976678
0.0 0
0.0 0
33.0 0.7290504
0.0 0
35.0 0.11414718
0.0 0
0.0 0
38.0 0.6772725
0.0 0
40.0 0.08672694
0.0 0
42.0 0.3316469
0.0 0
0.0 0
0.0 0
46.0 0.0065361476
0.0 0
0.0 0
49.0 0.110205635
0.0 0
0.0 0
0.0 0
53.0 0.5524766
0.0 0
55.0 0.23385644
0.0 0
57.0 2.171477
0.0 0
59.0 0.095132545
0.0 0
61.0 0.22325586
0.0 0
0.0 0
64.0 0.83988583
0.0 0
0.0 0
67.0 66.10848
0.0 0
0.0 0
0.0 0
71.0 20.711218
0.0 0
73.0 2.8423724
0.0 0
0.0 0
76.0 0.6580393
0.0 0
0.0 0
79.0 4.6710224
0.0 0
0.0 0
82.0 0.06637808
0.0 0
84.0 0.041265834
0.0 0
0.0 0
0.0 0
88.0 1.3168695
0.0 0
0.0 0
91.0 0.1722307
0.0 0
0.0 0
0.0 0
0.0 0
96.0 61.65598
0.0 0
98.0 0.56656665
0.0 0
1.0 0.021773845
0.0 0
3.0 0.7201849
0.0 0
5.0 0.435212
0.0 0
0.0 0
0.0 0
9.0 97.79167
0.0 0
11.0 89.11385
0.0 0
13.0 95.865555
0.0 0
0.0 0
0.0 0
0.0 0
18.0 0.17979318
0.0 0
0.0 0
21.0 0.045625135
0.0 0
0.0 0
24.0 20.711218
0.0 0
26.0 0.40078247
0.0 0
28.0 21.683899
0.0 0
30.0 0.99244905
0.0 0
0.0 0
33.0 0.36236033
0.0 0
35.0 0.08065241
0.0 0
0.0 0
38.0 0.88119066
0.0 0
0.0 0
0.0 0
42.0 0.060608927
0.0 0
0.0 0
45.0 0.0052663456
0.0 0
47.0 0.0025461416
0.0 0
49.0 0.23821975
0.0 0
51.0 0.3639608
0.0 0
0.0 0
54.0 0.69416016
0.0 0
0.0 0
57.0 7.147546
0.0 0
0.0 0
60.0 6.0408335
0.0 0
62.0 0.17471886
0.0 0
64.0 3.7391262
0.0 0
0.0 0
67.0 51.32485
0.0 0
0.0 0
0.0 0
71.0 13.507162
0.0 0
0.0 0
74.0 0.19673762
0.0 0
0.0 0
77.0 0.9025104
0.0 0
79.0 1.4369498
0.0 0
0.0 0
82.0 0.06999556
0.0 0
84.0 0.0070001846
0.0 0
0.0 0
0.0 0
0.0 0
89.0 1.9692678
0.0 0
91.0 0.11076146
0.0 0
0.0 0
0.0 0
0.0 0
96.0 56.669304
0.0 0
0.0 0
99.0 1.1873152
0.0 0
0.0 0
3.0 0.8067859
0.0 0
5.0 0.11587467
0.0 0
0.0 0
0.0 0
9.0 99.91395
0.0 0
11.0 88.612045
0.0 0
13.0 92.497475
0.0 0
0.0 0
16.0 0.09272826
0.0 0
18.0 0.119995594
0.0 0
20.0 0.07694987
0.0 0
0.0 0
0.0 0
24.0 28.606272
0.0 0
26.0 1.6505446
0.0 0
28.0 19.622677
0.0 0
0.0 0
31.0 0.04902378
0.0 0
33.0 5.149547
0.0 0
35.0 0.24042895
0.0 0
37.0 0.39213613
0.0 0
0.0 0
0.0 0
0.0 0
0.0 0
43.0 0.11703905
0.0 0
45.0 0.0072429897
0.0 0
0.0 0
0.0 0
49.0 0.09272849
0.0 0
0.0 0
52.0 0.27332118
0.0 0
0.0 0
0.0 0
56.0 3.945526
0.0 0
58.0 0.06602568
0.0 0
60.0 12.515685
0.0 0
62.0 0.27332175
0.0 0
64.0 4.147969
0.0 0
66.0 34.77518
0.0 0
68.0 0.682859
0.0 0
0.0 0
71.0 11.03826
0.0 0
0.0 0
74.0 0.73202837
0.0 0
0.0 0
77.0 0.31154925
0.0 0
79.0 2.9327943
0.0 0
0.0 0
82.0 0.06852792
0.0 0
0.0 0
0.0 0
86.0 0.004734695
0.0 0
0.0 0
89.0 1.4369522
0.0 0
0.0 0
92.0 0.16258684
0.0 0
0.0 0
0.0 0
96.0 56.845695
0.0 0
0.0 0
99.0 0.7056218
0.0 0
0.0 0
0.0 0
4.0 0.3200256
0.0 0
6.0 0.110205635
0.0 0
0.0 0
9.0 99.03198
0.0 0
0.0 0
12.0 96.22386
0.0 0
14.0 0.061593365
0.0 0
16.0 0.11821408
0.0 0
18.0 0.019287003
0.0 0
20.0 0.111319505
0.0 0
0.0 0
0.0 0
24.0 45.674923
0.0 0
0.0 0
0.0 0
28.0 6.677625
0.0 0
30.0 0.13184643
0.0 0
0.0 0
33.0 28.057499
0.0 0
35.0 0.13985647
0.0 0
37.0 1.9692678
0.0 0
0.0 0
0.0 0
41.0 0.03792036
0.0 0
43.0 0.008804873
0.0 0
45.0 0.00585032
0.0 0
0.0 0
0.0 0
49.0 0.019643066
0.0 0
0.0 0
52.0 0.07816734
0.0 0
0.0 0
55.0 4.6710157
0.0 0
57.0 0.39042518
0.0 0
59.0 2.0945415
0.0 0
0.0 0
62.0 0.23932235
0.0 0
0.0 0
0.0 0
66.0 30.771458
0.0 0
0.0 0
0.0 0
0.0 0
71.0 18.930847
0.0 0
73.0 5.166206
0.0 0
75.0 8.146036
0.0 0
77.0 0.372055
0.0 0
79.0 0.16337098
0.0 0
0.0 0
82.0 0.049294382
0.0 0
84.0 0.004535778
0.0 0
0.0 0
87.0 0.012368676
0.0 0
0.0 0
90.0 8.829872
0.0 0
92.0 0.1780879
0.0 0
0.0 0
0.0 0
96.0 60.57075
0.0 0
0.0 0
99.0 0.27581725
0.0 0
0.0 0
0.0 0
0.0 0
5.0 0.93906593
0.0 0
0.0 0
0.0 0
9.0 99.68885
0.0 0
0.0 0
12.0 96.22386
0.0 0
0.0 0
0.0 0
16.0 0.3185987
0.0 0
0.0 0
0.0 0
20.0 0.08107378
0.0 0
0.0 0
0.0 0
24.0 31.219597
0.0 0
0.0 0
0.0 0
28.0 18.65819
0.0 0
30.0 0.27208093
0.0 0
0.0 0
33.0 33.756325
0.0 0
0.0 0
0.0 0
37.0 1.4587941
0.0 0
0.0 0
0.0 0
41.0 0.42960587
0.0 0
43.0 0.0053410884
0.0 0
45.0 0.022170579
0.0 0
0.0 0
0.0 0
0.0 0
50.0 0.062927894
0.0 0
0.0 0
53.0 0.0137847075
0.0 0
55.0 12.344497
0.0 0
0.0 0
0.0 0
59.0 5.216447
0.0 0
61.0 0.7085092
0.0 0
0.0 0
64.0 0.07186908
0.0 0
66.0 34.265648
0.0 0
0.0 0
0.0 0
0.0 0
71.0 28.386417
0.0 0
0.0 0
0.0 0
75.0 12.107821
0.0 0
77.0 0.22118852
0.0 0
79.0 0.9133461
0.0 0
81.0 0.07816715
0.0 0
0.0 0
84.0 0.016950501
0.0 0
0.0 0
87.0 0.022709383
0.0 0
0.0 0
90.0 5.797301
0.0 0
92.0 0.12799591
0.0 0
0.0 0
0.0 0
96.0 59.208206
0.0 0
98.0 0.2659546
0.0 0
1.0 0.658038
0.0 0
3.0 0.054099943
0.0 0
5.0 0.93165046
0.0 0
0.0 0
0.0 0
0.0 0
10.0 99.25813
0.0 0
12.0 91.15598
0.0 0
0.0 0
15.0 0.11821408
0.0 0
0.0 0
18.0 0.0034906578
0.0 0
20.0 0.026661364
0.0 0
0.0 0
23.0 11.069558
0.0 0
25.0 0.307386
0.0 0
0.0 0
28.0 10.88279
0.0 0
0.0 0
0.0 0
0.0 0
33.0 30.827463
0.0 0
0.0 0
0.0 0
0.0 0
38.0 0.7172498
0.0 0
0.0 0
41.0 0.14402138
0.0 0
43.0 0.023259921
0.0 0
45.0 0.3687979
0.0 0
0.0 0
48.0 0.0022164069
0.0 0
50.0 0.25059542
0.0 0
0.0 0
0.0 0
0.0 0
55.0 5.4215884
0.0 0
0.0 0
58.0 15.139002
0.0 0
0.0 0
0.0 0
62.0 0.90251213
0.0 0
0.0 0
0.0 0
66.0 29.32391
0.0 0
68.0 0.42590535
0.0 0
0.0 0
71.0 22.17895
0.0 0
0.0 0
74.0 8.024305
0.0 0
76.0 34.548664
0.0 0
0.0 0
79.0 1.5842873
0.0 0
81.0 0.073786505
0.0 0
0.0 0
84.0 0.03945053
0.0 0
0.0 0
87.0 0.0066723926
0.0 0
0.0 0
90.0 0.5252217
0.0 0
0.0 0
93.0 0.13055193
0.0 0
0.0 0
96.0 50.39098
0.0 0
98.0 0.26716998
0.0 0
1.0 0.07898809
0.0 0
3.0 0.095133
0.0 0
5.0 0.12926845
0.0 0
0.0 0
0.0 0
0.0 0
10.0 99.68886
0.0 0
0.0 0
13.0 89.927986
0.0 0
15.0 7.664792E-4
0.0 0
17.0 0.0014664037
0.0 0
0.0 0
0.0 0
21.0 0.15567163
0.0 0
23.0 26.592
0.0 0
25.0 0.17639662
0.0 0
27.0 2.6501696
0.0 0
0.0 0
30.0 8.699798
0.0 0
0.0 0
0.0 0
34.0 20.80743
0.0 0
36.0 0.06360467
0.0 0
38.0 0.12926875
0.0 0
40.0 0.036859766
0.0 0
42.0 0.062927894
0.0 0
44.0 0.014962814
0.0 0
46.0 0.0118243955
0.0 0
0.0 0
0.0 0
50.0 1.1334602
0.0 0
52.0 0.042438112
0.0 0
0.0 0
55.0 3.5905957
0.0 0
0.0 0
58.0 27.948116
0.0 0
0.0 0
61.0 0.4007841
0.0 0
63.0 0.081921585
0.0 0
0.0 0
66.0 54.549118
0.0 0
0.0 0
69.0 4.17563
0.0 0
71.0 18.120083
0.0 0
73.0 0.8637635
0.0 0
0.0 0
0.0 0
77.0 1.6444218
0.0 0
79.0 0.39385214
0.0 0
81.0 0.032688443
0.0 0
83.0 0.10478447
0.0 0
85.0 0.0051924656
0.0 0
0.0 0
0.0 0
89.0 0.05469168
0.0 0
91.0 0.061924506
0.0 0
93.0 0.03212809
0.0 0
0.0 0
96.0 52.388317
0.0 0
0.0 0
99.0 0.15417072
0.0 0
0.0 0
3.0 0.34517145
0.0 0
0.0 0
6.0 0.71724844
0.0 0
0.0 0
0.0 0
10.0 95.124214
0.0 0
0.0 0
13.0 94.954056
0.0 0
0.0 0
0.0 0
17.0 0.03344879
0.0 0
0.0 0
0.0 0
21.0 0.2517482
0.0 0
23.0 41.840576
0.0 0
25.0 2.4870558
0.0 0
27.0 8.520371
0.0 0
29.0 9.700099
0.0 0
0.0 0
32.0 4.0389004
0.0 0
34.0 1.5842873
0.0 0
0.0 0
37.0 0.47426698
0.0 0
0.0 0
40.0 0.15642641
0.0 0
42.0 0.0075442665
0.0 0
0.0 0
45.0 0.0023945596
0.0 0
47.0 0.006184778
0.0 0
0.0 0
0.0 0
51.0 4.231434
0.0 0
53.0 0.022438543
0.0 0
55.0 1.6690375
0.0 0
57.0 10.337283
0.0 0
0.0 0
60.0 0.4185883
0.0 0
62.0 0.23932184
0.0 0
0.0 0
0.0 0
66.0 66.50115
0.0 0
0.0 0
0.0 0
0.0 0
71.0 9.899317
0.0 0
0.0 0
74.0 0.45632318
0.0 0
0.0 0
0.0 0
78.0 20.519566
0.0 0
80.0 4.6405144
0.0 0
82.0 0.85345834
0.0 0
84.0 0.008746374
0.0 0
0.0 0
87.0 0.008402734
0.0 0
89.0 0.04220158
0.0 0
91.0 0.06532605
0.0 0
93.0 0.21209241
0.0 0
0.0 0
96.0 48.63385
0.0 0
0.0 0
99.0 0.14901875
0.0 0
2.0 0.40782332
0.0 0
0.0 0
0.0 0
6.0 0.98466396
0.0 0
0.0 0
0.0 0
0.0 0
0.0 0
12.0 99.729805
0.0 0
14.0 0.014227672
0.0 0
0.0 0
17.0 83.92381
0.0 0
0.0 0
0.0 0
21.0 0.8365196
0.0 0
23.0 31.107517
0.0 0
0.0 0
26.0 6.0982695
0.0 0
0.0 0
29.0 12.074295
0.0 0
31.0 2.6782491
0.0 0
33.0 10.277998
0.0 0
35.0 1.7773238
0.0 0
37.0 2.5584264
0.0 0
0.0 0
40.0 0.5785564
0.0 0
0.0 0
43.0 0.019405067
0.0 0
45.0 0.0033639276
0.0 0
47.0 0.0056495825
0.0 0
0.0 0
0.0 0
0.0 0
52.0 2.1173666
0.0 0
0.0 0
55.0 1.5783798
0.0 0
57.0 11.940869
0.0 0
59.0 0.47022548
0.0 0
61.0 0.20047978
0.0 0
0.0 0
0.0 0
0.0 0
66.0 74.66656
0.0 0
68.0 0.8067844
0.0 0
0.0 0
71.0 10.486565
0.0 0
73.0 4.052395
0.0 0
75.0 0.27084634
0.0 0
0.0 0
78.0 0.12119665
0.0 0
80.0 0.014683416
0.0 0
0.0 0
0.0 0
84.0 0.17979358
0.0 0
0.0 0
87.0 0.013185077
0.0 0
89.0 0.050945003
0.0 0
91.0 0.05773897
0.0 0
0.0 0
0.0 0
0.0 0
96.0 41.950504
0.0 0
0.0 0
99.0 0.13713959
0.0 0
0.0 0
3.0 0.7593075
0.0 0
0.0 0
6.0 0.07535334
0.0 0
0.0 0
0.0 0
0.0 0
0.0 0
12.0 98.82606
0.0 0
0.0 0
0.0 0
16.0 85.83469
0.0 0
18.0 18.74882
0.0 0
0.0 0
21.0 0.51204515
0.0 0
23.0 21.38964
0.0 0
0.0 0
0.0 0
27.0 14.13647
0.0 0
0.0 0
30.0 7.621632
0.0 0
32.0 35.22815
0.0 0
0.0 0
35.0 0.62101614
0.0 0
37.0 0.9692475
0.0 0
39.0 0.02573396
0.0 0
0.0 0
0.0 0
43.0 0.055590566
0.0 0
45.0 0.004375752
0.0 0
47.0 0.0021485027
0.0 0
0.0 0
0.0 0
0.0 0
0.0 0
53.0 3.3429954
0.0 0
0.0 0
0.0 0
57.0 6.677625
0.0 0
59.0 0.8265019
0.0 0
0.0 0
0.0 0
63.0 0.15871213
0.0 0
0.0 0
66.0 76.344
0.0 0
68.0 0.28471297
0.0 0
0.0 0
71.0 7.976029
0.0 0
0.0 0
74.0 0.79708374
0.0 0
0.0 0
0.0 0
78.0 0.27084577
0.0 0
0.0 0
81.0 0.013960401
0.0 0
83.0 0.027944153
0.0 0
85.0 0.102163725
0.0 0
0.0 0
0.0 0
0.0 0
0.0 0
91.0 0.09037769
0.0 0
93.0 0.041498132
0.0 0
0.0 0
96.0 44.663704
0.0 0
0.0 0
99.0 0.13713929
0.0 0
0.0 0
3.0 0.54097074
0.0 0
0.0 0
0.0 0
0.0 0
0.0 0
0.0 0
0.0 0
0.0 0
12.0 100.93279
0.0 0
0.0 0
15.0 80.45455
0.0 0
17.0 0.0015772288
0.0 0
19.0 52.292423
0.0 0
21.0 0.20048064
0.0 0
23.0 19.90346
0.0 0
0.0 0
0.0 0
27.0 5.0506134
0.0 0
29.0 15.942989
0.0 0
0.0 0
32.0 32.569824
0.0 0
0.0 0
35.0 0.32145885
0.0 0
0.0 0
38.0 1.0081867
0.0 0
40.0 0.102163725
0.0 0
0.0 0
43.0 0.047166638
0.0 0
0.0 0
46.0 0.0064912234
0.0 0
48.0 0.0025074927
0.0 0
50.0 0.004190315
0.0 0
0.0 0
53.0 0.2951896
0.0 0
0.0 0
56.0 5.2670827
0.0 0
0.0 0
59.0 4.640529
0.0 0
0.0 0
62.0 0.6057242
0.0 0
0.0 0
0.0 0
66.0 75.33904
0.0 0
68.0 0.6392879
0.0 0
0.0 0
71.0 13.87485
0.0 0
0.0 0
74.0 0.43333575
0.0 0
0.0 0
0.0 0
78.0 0.39385378
0.0 0
0.0 0
81.0 0.012935342
0.0 0
83.0 0.04512139
0.0 0
0.0 0
0.0 0
87.0 0.11762567
0.0 0
89.0 0.010869601
0.0 0
91.0 0.38365442
0.0 0
93.0 0.06816541
0.0 0
0.0 0
96.0 46.674072
0.0 0
98.0 0.10372894
0.0 0
0.0 0
0.0 0
3.0 0.17724085
0.0 0
0.0 0
6.0 0.7970823
0.0 0
0.0 0
0.0 0
0.0 0
0.0 0
12.0 101.03432
0.0 0
14.0 93.690346
0.0 0
16.0 0.17222996
0.0 0
0.0 0
0.0 0
20.0 30.827436
0.0 0
0.0 0
23.0 34.435463
0.0 0
25.0 6.8878994
0.0 0
27.0 5.7240686
0.0 0
29.0 7.43803
0.0 0
0.0 0
32.0 9.615701
0.0 0
0.0 0
35.0 0.15047538
0.0 0
0.0 0
38.0 0.82650656
0.0 0
40.0 0.1261094
0.0 0
0.0 0
43.0 0.03665109
0.0 0
0.0 0
46.0 0.049023535
0.0 0
48.0 0.0021653147
0.0 0
50.0 0.0032172264
0.0 0
52.0 0.005378813
0.0 0
54.0 4.1341925
0.0 0
56.0 14.363543
0.0 0
58.0 0.81988287
0.0 0
0.0 0
0.0 0
62.0 0.26595512
0.0 0
0.0 0
0.0 0
66.0 81.79698
0.0 0
68.0 1.6752414
0.0 0
0.0 0
71.0 8.494973
0.0 0
0.0 0
74.0 2.4346952
0.0 0
76.0 0.17471962
0.0 0
78.0 0.35759842
0.0 0
0.0 0
81.0 0.008982407
0.0 0
83.0 0.021905523
0.0 0
85.0 0.021126823
0.0 0
0.0 0
88.0 0.15342525
0.0 0
0.0 0
91.0 0.18237972
0.0 0
0.0 0
0.0 0
0.0 0
96.0 33.021427
0.0 0
98.0 0.36076754
0.0 0
1.0 0.009660797
0.0 0
3.0 0.05499005
0.0 0
0.0 0
6.0 0.87767947
0.0 0
0.0 0
0.0 0
0.0 0
0.0 0
0.0 0
13.0 104.44976
0.0 0
15.0 0.10216396
0.0 0
17.0 0.0032898274
0.0 0
0.0 0
0.0 0
21.0 9.899343
0.0 0
23.0 15.139002
0.0 0
0.0 0
26.0 3.7517552
0.0 0
0.0 0
29.0 5.9461493
0.0 0
31.0 6.2930255
0.0 0
33.0 4.1341925
0.0 0
35.0 0.058365647
0.0 0
37.0 0.3046368
0.0 0
0.0 0
40.0 2.7351983
0.0 0
42.0 0.049838927
0.0 0
44.0 0.0026856766
0.0 0
0.0 0
47.0 0.041265946
0.0 0
0.0 0
50.0 0.0034649752
0.0 0
0.0 0
0.0 0
0.0 0
0.0 0
56.0 22.029829
0.0 0
58.0 1.6939757
0.0 0
0.0 0
0.0 0
62.0 0.27332175
0.0 0
64.0 0.011672795
0.0 0
66.0 76.99287
0.0 0
0.0 0
0.0 0
0.0 0
71.0 29.379322
0.0 0
0.0 0
74.0 2.1714735
0.0 0
76.0 0.013872388
0.0 0
0.0 0
79.0 0.26839083
0.0 0
81.0 0.06852809
0.0 0
83.0 0.121196926
0.0 0
85.0 0.023680348
0.0 0
0.0 0
88.0 0.30876887
0.0 0
0.0 0
91.0 0.23277676
0.0 0
0.0 0
0.0 0
0.0 0
96.0 36.52961
0.0 0
98.0 0.0975928
0.0 0
1.0 0.0063145002
0.0 0
3.0 0.1722311
0.0 0
0.0 0
6.0 0.19581172
0.0 0
0.0 0
0.0 0
0.0 0
0.0 0
0.0 0
13.0 105.50189
0.0 0
15.0 0.08899346
0.0 0
17.0 0.044375263
0.0 0
0.0 0
0.0 0
21.0 53.66688
0.0 0
23.0 49.843845
0.0 0
25.0 1.5433589
0.0 0
0.0 0
0.0 0
29.0 7.2804146
0.0 0
31.0 2.6594923
0.0 0
33.0 1.3269478
0.0 0
35.0 0.3005571
0.0 0
37.0 0.3272464
0.0 0
39.0 0.06394603
0.0 0
41.0 0.049839314
0.0 0
0.0 0
44.0 0.019643178
0.0 0
0.0 0
0.0 0
0.0 0
0.0 0
50.0 0.0064023607
0.0 0
0.0 0
0.0 0
0.0 0
0.0 0
56.0 25.683094
0.0 0
0.0 0
59.0 1.3627541
0.0 0
0.0 0
62.0 0.11300844
0.0 0
64.0 0.028605847
0.0 0
66.0 72.8022
0.0 0
0.0 0
0.0 0
0.0 0
71.0 19.71601
0.0 0
0.0 0
74.0 0.26716998
0.0 0
0.0 0
0.0 0
0.0 0
79.0 0.20815574
0.0 0
81.0 0.06708788
0.0 0
83.0 0.13249797
0.0 0
85.0 0.008630492
0.0 0
0.0 0
0.0 0
89.0 0.27833244
0.0 0
91.0 0.29786164
0.0 0
0.0 0
0.0 0
0.0 0
96.0 32.175285
0.0 0
98.0 0.17472
0.0 0
1.0 0.0062277536
0.0 0
3.0 0.15491971
0.0 0
0.0 0
6.0 0.47629693
0.0 0
0.0 0
0.0 0
0.0 0
0.0 0
0.0 0
13.0 103.151634
0.0 0
15.0 0.081921384
0.0 0
0.0 0
18.0 0.18765016
0.0 0
0.0 0
21.0 2.4088707
0.0 0
23.0 42.88087
0.0 0
25.0 3.2863028
0.0 0
0.0 0
0.0 0
29.0 2.1481445
0.0 0
0.0 0
32.0 1.6814685
0.0 0
34.0 1.2197675
0.0 0
0.0 0
37.0 1.0567427
0.0 0
0.0 0
40.0 0.10692395
0.0 0
42.0 0.03900769
0.0 0
44.0 0.0039252588
0.0 0
46.0 0.0015772464
0.0 0
0.0 0
49.0 0.005155956
0.0 0
0.0 0
0.0 0
53.0 0.0070964023
0.0 0
0.0 0
56.0 5.8899713
0.0 0
0.0 0
59.0 4.038913
0.0 0
0.0 0
62.0 0.11076069
0.0 0
64.0 0.017590852
0.0 0
66.0 71.04803
0.0 0
0.0 0
0.0 0
0.0 0
71.0 26.645811
0.0 0
0.0 0
74.0 0.49073768
0.0 0
0.0 0
0.0 0
78.0 0.19581217
0.0 0
80.0 0.24490096
0.0 0
0.0 0
83.0 0.053806152
0.0 0
85.0 0.0038684418
0.0 0
0.0 0
0.0 0
89.0 0.18065263
0.0 0
91.0 0.5012903
0.0 0
0.0 0
0.0 0
0.0 0
96.0 33.982624
0.0 0
98.0 0.19953911
0.0 0
1.0 0.0038684418
0.0 0
3.0 0.30055586
0.0 0
5.0 0.3436432
0.0 0
0.0 0
0.0 0
0.0 0
0.0 0
0.0 0
12.0 101.35872
0.0 0
0.0 0
15.0 0.14054273
0.0 0
0.0 0
0.0 0
19.0 0.20048152
0.0 0
0.0 0
22.0 43.31596
0.0 0
0.0 0
25.0 2.764068
0.0 0
0.0 0
0.0 0
29.0 1.8036902
0.0 0
0.0 0
0.0 0
33.0 1.620131
0.0 0
0.0 0
0.0 0
37.0 0.65263104
0.0 0
0.0 0
40.0 1.6261736
0.0 0
42.0 0.37369123
0.0 0
44.0 0.0057692877
0.0 0
46.0 0.0023039528
0.0 0
0.0 0
49.0 0.011900834
0.0 0
51.0 0.0061420477
0.0 0
0.0 0
0.0 0
0.0 0
56.0 1.02817
0.0 0
0.0 0
59.0 8.751654
0.0 0
61.0 0.11357681
0.0 0
0.0 0
64.0 0.03541982
0.0 0
66.0 70.2415
0.0 0
0.0 0
0.0 0
0.0 0
71.0 27.131851
0.0 0
0.0 0
74.0 1.4261341
0.0 0
76.0 0.0031933296
0.0 0
78.0 0.3591802
0.0 0
80.0 0.6210173
0.0 0
82.0 0.052933123
0.0 0
84.0 0.025131594
0.0 0
0.0 0
0.0 0
88.0 0.035622444
0.0 0
0.0 0
91.0 0.7440417
0.0 0
0.0 0
0.0 0
0.0 0
96.0 26.969486
0.0 0
98.0 0.06637824
0.0 0
1.0 0.008688248
0.0 0
3.0 0.069258116
0.0 0
0.0 0
6.0 0.12059536
0.0 0
0.0 0
0.0 0
0.0 0
0.0 0
12.0 100.24074
0.0 0
0.0 0
15.0 0.50556916
0.0 0
0.0 0
0.0 0
19.0 0.22016147
0.0 0
0.0 0
22.0 25.68312
0.0 0
0.0 0
25.0 5.421604
0.0 0
0.0 0
28.0 1.8169978
0.0 0
0.0 0
0.0 0
0.0 0
33.0 7.7617855
0.0 0
35.0 0.03900779
0.0 0
37.0 0.35759842
0.0 0
0.0 0
40.0 15.417161
0.0 0
42.0 3.230459
0.0 0
44.0 0.08407548
0.0 0
46.0 0.0018359871
0.0 0
0.0 0
49.0 0.009788978
0.0 0
0.0 0
52.0 0.006142087
0.0 0
0.0 0
0.0 0
56.0 3.142815
0.0 0
0.0 0
59.0 8.882345
0.0 0
0.0 0
62.0 0.085834645
0.0 0
0.0 0
0.0 0
66.0 74.13324
0.0 0
0.0 0
69.0 4.640529
0.0 0
71.0 31.275713
0.0 0
73.0 0.39557567
0.0 0
75.0 0.095133
0.0 0
0.0 0
78.0 0.08945248
0.0 0
80.0 0.34824044
0.0 0
82.0 0.16977374
0.0 0
84.0 0.007292394
0.0 0
86.0 0.0030304552
0.0 0
0.0 0
0.0 0
0.0 0
91.0 0.6184453
0.0 0
0.0 0
0.0 0
0.0 0
96.0 17.201826
0.0 0
98.0 0.16180457
0.0 0
1.0 0.020372998
0.0 0
3.0 0.10113146
0.0 0
0.0 0
6.0 0.36556834
0.0 0
0.0 0
0.0 0
0.0 0
0.0 0
12.0 101.17633
0.0 0
14.0 0.45241782
0.0 0
16.0 0.13985617
0.0 0
18.0 0.13917321
0.0 0
0.0 0
21.0 0.11244312
0.0 0
23.0 52.244434
0.0 0
25.0 5.4390006
0.0 0
0.0 0
28.0 3.4355078
0.0 0
30.0 0.22325586
0.0 0
32.0 11.258805
0.0 0
0.0 0
35.0 0.04690681
0.0 0
0.0 0
0.0 0
0.0 0
40.0 27.186003
0.0 0
42.0 16.189697
0.0 0
44.0 0.017591003
0.0 0
0.0 0
0.0 0
0.0 0
0.0 0
50.0 0.004130111
0.0 0
0.0 0
53.0 0.89179564
0.0 0
0.0 0
0.0 0
57.0 3.458961
0.0 0
59.0 1.4100449
0.0 0
61.0 0.14685863
0.0 0
0.0 0
64.0 0.13315265
0.0 0
66.0 74.01383
0.0 0
0.0 0
69.0 1.9764521
0.0 0
71.0 34.322227
0.0 0
73.0 0.47022635
0.0 0
75.0 0.11529664
0.0 0
0.0 0
0.0 0
79.0 1.1073601
0.0 0
0.0 0
82.0 0.07417548
0.0 0
84.0 0.0066723493
0.0 0
86.0 0.002853445
0.0 0
0.0 0
0.0 0
0.0 0
91.0 1.388849
0.0 0
0.0 0
0.0 0
0.0 0
96.0 17.76675
0.0 0
0.0 0
99.0 0.21508588
0.0 0
0.0 0
3.0 0.068892166
0.0 0
0.0 0
6.0 0.5501573
0.0 0
0.0 0
0.0 0
0.0 0
0.0 0
12.0 103.23178
0.0 0
14.0 0.17639662
0.0 0
16.0 0.044375263
0.0 0
18.0 0.014869159
0.0 0
0.0 0
21.0 0.039228555
0.0 0
23.0 73.35151
0.0 0
25.0 2.7834628
0.0 0
0.0 0
28.0 3.6027627
0.0 0
0.0 0
0.0 0
0.0 0
33.0 0.45047674
0.0 0
35.0 0.13055225
0.0 0
0.0 0
38.0 7.8802295
0.0 0
40.0 6.5950613
0.0 0
0.0 0
0.0 0
44.0 0.49073958
0.0 0
0.0 0
47.0 0.0030078592
0.0 0
0.0 0
0.0 0
0.0 0
0.0 0
53.0 1.2969164
0.0 0
0.0 0
0.0 0
57.0 2.9226205
0.0 0
0.0 0
60.0 0.14829615
0.0 0
62.0 0.23170054
0.0 0
64.0 0.66348475
0.0 0
66.0 79.18427
0.0 0
0.0 0
69.0 1.1601148
0.0 0
71.0 34.492077
0.0 0
73.0 0.13184585
0.0 0
75.0 0.27707314
0.0 0
0.0 0
0.0 0
79.0 6.1561503
0.0 0
0.0 0
82.0 0.06093521
0.0 0
84.0 0.0058096685
0.0 0
86.0 0.005341054
0.0 0
0.0 0
89.0 0.022304267
0.0 0
91.0 0.79708374
0.0 0
0.0 0
0.0 0
0.0 0
96.0 35.11489
0.0 0
0.0 0
99.0 0.0612635
0.0 0
0.0 0
3.0 0.02877343
0.0 0
0.0 0
6.0 0.69700736
0.0 0
0.0 0
0.0 0
0.0 0
0.0 0
12.0 103.07145
0.0 0
14.0 1.8169918
0.0 0
0.0 0
17.0 0.0913114
0.0 0
0.0 0
20.0 0.09562073
0.0 0
0.0 0
0.0 0
24.0 20.903864
0.0 0
0.0 0
0.0 0
28.0 2.4433465
0.0 0
0.0 0
31.0 2.226808
0.0 0
33.0 0.20524868
0.0 0
35.0 0.13917288
0.0 0
0.0 0
0.0 0
39.0 10.014647
0.0 0
0.0 0
42.0 1.332009
0.0 0
44.0 0.090377904
0.0 0
46.0 0.03250064
0.0 0
48.0 0.0030305292
0.0 0
0.0 0
0.0 0
0.0 0
0.0 0
0.0 0
55.0 3.9191968
0.0 0
57.0 2.049545
0.0 0
59.0 1.0042317
0.0 0
0.0 0
62.0 0.73501444
0.0 0
64.0 3.1212363
0.0 0
66.0 80.97486
0.0 0
0.0 0
0.0 0
0.0 0
71.0 31.893785
0.0 0
73.0 0.05235861
0.0 0
75.0 0.20237601
0.0 0
0.0 0
0.0 0
79.0 3.057278
0.0 0
0.0 0
82.0 0.053513777
0.0 0
84.0 0.0063582757
0.0 0
0.0 0
0.0 0
88.0 0.015057122
0.0 0
0.0 0
91.0 1.891779
0.0 0
93.0 0.01859183
0.0 0
0.0 0
96.0 22.830828
0.0 0
98.0 0.16654502
0.0 0
0.0 0
0.0 0
3.0 0.08364068
0.0 0
0.0 0
6.0 0.087627284
0.0 0
0.0 0
0.0 0
0.0 0
0.0 0
12.0 103.831764
0.0 0
0.0 0
15.0 1.2291843
0.0 0
17.0 0.034421813
0.0 0
0.0 0
20.0 0.14331938
0.0 0
0.0 0
0.0 0
24.0 26.37713
0.0 0
0.0 0
0.0 0
28.0 3.9986587
0.0 0
0.0 0
31.0 1.0042317
0.0 0
33.0 0.49283502
0.0 0
35.0 0.0970966
0.0 0
37.0 6.2536488
0.0 0
0.0 0
40.0 9.531856
0.0 0
42.0 2.7544103
0.0 0
44.0 0.9924454
0.0 0
46.0 0.1279968
0.0 0
0.0 0
0.0 0
0.0 0
0.0 0
52.0 0.85004693
0.0 0
54.0 8.170573
0.0 0
0.0 0
57.0 10.307593
0.0 0
0.0 0
60.0 0.46422186
0.0 0
62.0 3.099783
0.0 0
64.0 4.9532976
0.0 0
66.0 78.672554
0.0 0
0.0 0
0.0 0
0.0 0
71.0 30.380333
0.0 0
0.0 0
0.0 0
75.0 0.09562095
0.0 0
0.0 0
0.0 0
79.0 2.2589734
0.0 0
0.0 0
82.0 0.071868725
0.0 0
84.0 0.0064023193
0.0 0
0.0 0
0.0 0
88.0 0.019523827
0.0 0
0.0 0
91.0 2.6408677
0.0 0
93.0 0.046134118
0.0 0
0.0 0
96.0 22.729904
0.0 0
0.0 0
99.0 0.07981688
0.0 0
0.0 0
3.0 0.14192487
0.0 0
0.0 0
6.0 0.26233792
0.0 0
0.0 0
0.0 0
0.0 0
0.0 0
12.0 103.871704
0.0 0
14.0 0.6158803
0.0 0
16.0 0.15047538
0.0 0
0.0 0
0.0 0
20.0 0.049838927
0.0 0
0.0 0
0.0 0
0.0 0
25.0 12.34448
0.0 0
0.0 0
28.0 2.5047257
0.0 0
30.0 0.074959435
0.0 0
0.0 0
33.0 1.3421875
0.0 0
35.0 0.14331907
0.0 0
37.0 8.545817
0.0 0
0.0 0
40.0 18.29841
0.0 0
42.0 4.3882647
0.0 0
0.0 0
45.0 1.0987781
0.0 0
47.0 0.0561969
0.0 0
0.0 0
0.0 0
51.0 0.23494002
0.0 0
0.0 0
0.0 0
55.0 2.3495734
0.0 0
57.0 4.535171
0.0 0
59.0 0.9769278
0.0 0
0.0 0
62.0 17.244867
0.0 0
64.0 6.392384
0.0 0
66.0 80.03459
0.0 0
0.0 0
0.0 0
0.0 0
71.0 27.948065
0.0 0
0.0 0
74.0 0.14402138
0.0 0
0.0 0
77.0 0.11999615
0.0 0
79.0 4.0389066
0.0 0
0.0 0
82.0 0.04103512
0.0 0
84.0 0.0072923712
0.0 0
0.0 0
0.0 0
88.0 0.009660797
0.0 0
0.0 0
91.0 1.9266608
0.0 0
0.0 0
0.0 0
0.0 0
96.0 36.812176
0.0 0
0.0 0
99.0 0.08065241
0.0 0
0.0 0
3.0 0.1722307
0.0 0
0.0 0
6.0 0.19305767
0.0 0
0.0 0
0.0 0
0.0 0
0.0 0
12.0 102.3683
0.0 0
14.0 0.74707544
0.0 0
16.0 0.25290573
0.0 0
0.0 0
19.0 0.13447002
0.0 0
0.0 0
0.0 0
23.0 1.4369447
0.0 0
25.0 53.713707
0.0 0
0.0 0
28.0 3.4707541
0.0 0
0.0 0
31.0 0.1193993
0.0 0
33.0 1.7192461
0.0 0
35.0 0.15120843
0.0 0
37.0 7.5523376
0.0 0
0.0 0
40.0 11.907694
0.0 0
42.0 0.6607558
0.0 0
0.0 0
0.0 0
46.0 1.1511647
0.0 0
48.0 0.020497007
0.0 0
0.0 0
51.0 5.5621986
0.0 0
53.0 1.4809347
0.0 0
0.0 0
0.0 0
57.0 11.227094
0.0 0
59.0 0.7779943
0.0 0
0.0 0
62.0 19.022224
0.0 0
0.0 0
0.0 0
66.0 79.130646
0.0 0
0.0 0
69.0 2.4607427
0.0 0
71.0 33.473534
0.0 0
0.0 0
0.0 0
75.0 0.16977298
0.0 0
77.0 0.07614798
0.0 0
79.0 3.3315892
0.0 0
0.0 0
0.0 0
83.0 0.055892862
0.0 0
0.0 0
86.0 0.007963185
0.0 0
88.0 0.009042278
0.0 0
0.0 0
91.0 8.545807
0.0 0
93.0 0.03250064
0.0 0
0.0 0
96.0 40.957592
0.0 0
0.0 0
99.0 0.1497455
0.0 0
0.0 0
3.0 0.30738536
0.0 0
5.0 0.13055165
0.0 0
0.0 0
0.0 0
0.0 0
0.0 0
0.0 0
0.0 0
13.0 104.608925
0.0 0
15.0 0.36236033
0.0 0
0.0 0
0.0 0
19.0 0.15194428
0.0 0
0.0 0
0.0 0
23.0 0.9242921
0.0 0
25.0 41.23416
0.0 0
0.0 0
28.0 3.4238143
0.0 0
0.0 0
0.0 0
0.0 0
33.0 1.1247008
0.0 0
35.0 0.3032717
0.0 0
37.0 1.9692678
0.0 0
0.0 0
40.0 41.730515
0.0 0
0.0 0
43.0 0.25523496
0.0 0
0.0 0
46.0 0.86722356
0.0 0
48.0 0.12548591
0.0 0
0.0 0
51.0 7.552359
0.0 0
53.0 8.219796
0.0 0
55.0 4.8418207
0.0 0
57.0 17.766727
0.0 0
0.0 0
60.0 3.3430007
0.0 0
62.0 2.8922899
0.0 0
64.0 1.983653
0.0 0
66.0 80.13989
0.0 0
0.0 0
0.0 0
0.0 0
71.0 23.645382
0.0 0
0.0 0
0.0 0
75.0 0.13315172
0.0 0
0.0 0
0.0 0
79.0 0.6287905
0.0 0
0.0 0
82.0 0.10746429
0.0 0
0.0 0
85.0 0.0073421434
0.0 0
87.0 0.009223944
0.0 0
0.0 0
0.0 0
91.0 16.606543
0.0 0
93.0 0.061924506
0.0 0
0.0 0
96.0 46.83065
0.0 0
0.0 0
99.0 0.15718482
0.0 0
0.0 0
3.0 0.3087676
0.0 0
5.0 0.47833747
0.0 0
0.0 0
0.0 0
0.0 0
0.0 0
0.0 0
0.0 0
13.0 105.93709
0.0 0
15.0 0.7056204
0.0 0
17.0 0.0059323804
0.0 0
19.0 0.052644964
0.0 0
0.0 0
22.0 1.4643035
0.0 0
0.0 0
25.0 16.355597
0.0 0
0.0 0
28.0 12.653914
0.0 0
0.0 0
31.0 1.3370873
0.0 0
33.0 0.9279648
0.0 0
35.0 0.564197
0.0 0
37.0 2.1481407
0.0 0
0.0 0
40.0 26.162859
0.0 0
42.0 0.66348344
0.0 0
44.0 0.17058937
0.0 0
0.0 0
47.0 0.018478284
0.0 0
49.0 0.015342957
0.0 0
0.0 0
0.0 0
53.0 30.380333
0.0 0
55.0 18.79424
0.0 0
57.0 7.951987
0.0 0
59.0 2.4520333
0.0 0
0.0 0
62.0 2.171477
0.0 0
0.0 0
0.0 0
66.0 78.07341
0.0 0
0.0 0
0.0 0
0.0 0
71.0 17.89878
0.0 0
0.0 0
0.0 0
75.0 0.1236312
0.0 0
0.0 0
78.0 17.115976
0.0 0
0.0 0
0.0 0
82.0 0.081921585
0.0 0
84.0 0.011155785
0.0 0
0.0 0
87.0 0.010452555
0.0 0
0.0 0
0.0 0
91.0 23.287361
0.0 0
0.0 0
0.0 0
0.0 0
96.0 42.607994
0.0 0
0.0 0
99.0 0.058998946
0.0 0
0.0 0
3.0 0.22639081
0.0 0
5.0 0.93165046
0.0 0
0.0 0
0.0 0
0.0 0
0.0 0
0.0 0
0.0 0
13.0 106.52913
0.0 0
0.0 0
16.0 0.62101847
0.0 0
0.0 0
0.0 0
20.0 0.035218127
0.0 0
22.0 2.7932096
0.0 0
0.0 0
0.0 0
26.0 27.294458
0.0 0
28.0 23.03322
0.0 0
0.0 0
31.0 2.5584264
0.0 0
33.0 0.7685961
0.0 0
35.0 0.4060533
0.0 0
37.0 3.8025906
0.0 0
0.0 0
0.0 0
41.0 9.148477
0.0 0
43.0 1.7838854
0.0 0
45.0 0.48657453
0.0 0
47.0 0.043883573
0.0 0
0.0 0
50.0 0.06925795
0.0 0
0.0 0
53.0 28.441338
0.0 0
55.0 31.387945
0.0 0
57.0 11.775674
0.0 0
59.0 9.813535
0.0 0
0.0 0
62.0 1.0281719
0.0 0
64.0 3.8799906
0.0 0
66.0 79.71737
0.0 0
0.0 0
0.0 0
70.0 28.661308
0.0 0
72.0 0.006491265
0.0 0
0.0 0
75.0 0.25406793
0.0 0
0.0 0
78.0 55.687824
0.0 0
80.0 0.015829992
0.0 0
82.0 0.055892862
0.0 0
84.0 0.024251804
0.0 0
0.0 0
87.0 0.0119776735
0.0 0
0.0 0
0.0 0
91.0 23.338352
0.0 0
0.0 0
0.0 0
0.0 0
96.0 27.78425
0.0 0
0.0 0
99.0 0.04512139
0.0 0
0.0 0
3.0 0.2808697
0.0 0
5.0 0.54784775
0.0 0
0.0 0
0.0 0
0.0 0
0.0 0
0.0 0
0.0 0
13.0 104.66857
0.0 0
0.0 0
16.0 0.4886551
0.0 0
0.0 0
19.0 0.036030687
0.0 0
0.0 0
22.0 3.7014914
0.0 0
0.0 0
0.0 0
26.0 43.803307
0.0 0
28.0 37.2638
0.0 0
0.0 0
31.0 2.8423636
0.0 0
33.0 1.4809269
0.0 0
0.0 0
0.0 0
37.0 0.9963647
0.0 0
0.0 0
40.0 2.5765378
0.0 0
42.0 8.935048
0.0 0
0.0 0
0.0 0
46.0 0.39557567
0.0 0
48.0 0.04795479
0.0 0
50.0 0.08495132
0.0 0
0.0 0
0.0 0
54.0 8.54583
0.0 0
0.0 0
57.0 24.78628
0.0 0
59.0 3.3202167
0.0 0
0.0 0
0.0 0
0.0 0
64.0 9.899343
0.0 0
66.0 82.30462
0.0 0
0.0 0
69.0 11.25882
0.0 0
71.0 6.6569095
0.0 0
73.0 0.084512286
0.0 0
75.0 0.7114167
0.0 0
0.0 0
78.0 47.81513
0.0 0
80.0 0.030853774
0.0 0
82.0 0.05711772
0.0 0
0.0 0
85.0 0.0112283025
0.0 0
87.0 0.017590953
0.0 0
0.0 0
0.0 0
91.0 13.653416
0.0 0
93.0 0.044871487
0.0 0
0.0 0
96.0 21.930717
0.0 0
0.0 0
99.0 28.661308
0.0 0
0.0 0
3.0 1.2674932
0.0 0
5.0 0.7811461
0.0 0
0.0 0
0.0 0
0.0 0
0.0 0
0.0 0
0.0 0
13.0 106.01612
0.0 0
15.0 0.5455468
0.0 0
17.0 0.18499804
0.0 0
19.0 0.019523717
0.0 0
0.0 0
22.0 6.9735465
0.0 0
0.0 0
0.0 0
26.0 21.831827
0.0 0
28.0 25.312338
0.0 0
0.0 0
0.0 0
32.0 30.883408
0.0 0
0.0 0
0.0 0
0.0 0
37.0 3.506327
0.0 0
0.0 0
40.0 1.8371364
0.0 0
0.0 0
43.0 12.793283
0.0 0
0.0 0
0.0 0
47.0 3.3429954
0.0 0
0.0 0
0.0 0
0.0 0
0.0 0
0.0 0
54.0 8.269285
0.0 0
0.0 0
57.0 47.246788
0.0 0
59.0 0.39385378
0.0 0
0.0 0
0.0 0
0.0 0
64.0 7.2358904
0.0 0
66.0 81.64379
0.0 0
0.0 0
69.0 32.739136
0.0 0
71.0 7.169547
0.0 0
0.0 0
0.0 0
75.0 3.458967
0.0 0
0.0 0
78.0 15.457199
0.0 0
80.0 0.091311835
0.0 0
82.0 0.04173127
0.0 0
0.0 0
0.0 0
86.0 0.042675823
0.0 0
0.0 0
0.0 0
0.0 0
91.0 15.902118
0.0 0
93.0 0.07940134
0.0 0
95.0 18.253696
0.0 0
0.0 0
98.0 32.287983
0.0 0
0.0 0
0.0 0
3.0 0.62618864
0.0 0
5.0 1.4100524
0.0 0
0.0 0
0.0 0
0.0 0
0.0 0
0.0 0
0.0 0
13.0 106.785194
0.0 0
0.0 0
16.0 0.13184614
0.0 0
0.0 0
19.0 0.041498244
0.0 0
0.0 0
22.0 10.576998
0.0 0
24.0 0.31435308
0.0 0
26.0 4.1341925
0.0 0
28.0 31.444138
0.0 0
0.0 0
0.0 0
32.0 12.933757
0.0 0
0.0 0
0.0 0
0.0 0
37.0 7.73829
0.0 0
0.0 0
40.0 13.434507
0.0 0
0.0 0
0.0 0
44.0 14.401633
0.0 0
0.0 0
47.0 2.0421298
0.0 0
49.0 0.18237892
0.0 0
0.0 0
52.0 14.401633
0.0 0
0.0 0
55.0 13.398295
0.0 0
57.0 28.00279
0.0 0
59.0 1.4698286
0.0 0
61.0 1.9056693
0.0 0
63.0 16.272495
0.0 0
0.0 0
66.0 77.07684
0.0 0
0.0 0
69.0 39.455177
0.0 0
71.0 18.29839
0.0 0
0.0 0
0.0 0
75.0 3.6149774
0.0 0
0.0 0
78.0 6.952062
0.0 0
0.0 0
81.0 0.049839057
0.0 0
83.0 0.010940662
0.0 0
0.0 0
86.0 0.022845887
0.0 0
0.0 0
0.0 0
0.0 0
91.0 12.481292
0.0 0
93.0 0.10531592
0.0 0
95.0 23.85106
0.0 0
0.0 0
98.0 38.9514
0.0 0
0.0 0
0.0 0
3.0 0.4427855
0.0 0
5.0 2.042133
0.0 0
0.0 0
0.0 0
0.0 0
0.0 0
0.0 0
0.0 0
13.0 105.54149
0.0 0
15.0 0.14685898
0.0 0
0.0 0
18.0 0.035622347
0.0 0
0.0 0
0.0 0
22.0 24.996162
0.0 0
24.0 0.19673805
0.0 0
26.0 0.4427855
0.0 0
28.0 4.550099
0.0 0
0.0 0
0.0 0
32.0 28.99214
0.0 0
34.0 0.5689482
0.0 0
0.0 0
37.0 9.671887
0.0 0
0.0 0
0.0 0
41.0 34.435463
0.0 0
43.0 2.071937
0.0 0
45.0 5.5091043
0.0 0
0.0 0
48.0 7.5753627
0.0 0
50.0 0.51422113
0.0 0
0.0 0
53.0 25.365154
0.0 0
55.0 8.294105
0.0 0
0.0 0
58.0 37.48944
0.0 0
0.0 0
0.0 0
62.0 3.4121668
0.0 0
64.0 11.874588
0.0 0
66.0 76.9368
0.0 0
0.0 0
69.0 51.66533
0.0 0
71.0 49.693798
0.0 0
73.0 1.367936
0.0 0
75.0 6.0028105
0.0 0
0.0 0
78.0 6.3128057
0.0 0
0.0 0
0.0 0
82.0 0.14829615
0.0 0
84.0 0.0092853
0.0 0
86.0 0.03900779
0.0 0
0.0 0
0.0 0
90.0 16.189697
0.0 0
0.0 0
93.0 0.055892862
0.0 0
95.0 28.992165
0.0 0
97.0 63.331554
0.0 0
99.0 0.18237892
0.0 0
0.0 0
3.0 0.062257376
0.0 0
5.0 2.1558945
0.0 0
7.0 1.8236921
0.0 0
0.0 0
0.0 0
0.0 0
0.0 0
13.0 103.3119
0.0 0
0.0 0
16.0 0.18324897
0.0 0
18.0 1.036265
0.0 0
0.0 0
0.0 0
22.0 48.83705
0.0 0
24.0 0.13119747
0.0 0
26.0 0.8672268
0.0 0
0.0 0
0.0 0
30.0 17.41775
0.0 0
32.0 44.073044
0.0 0
34.0 2.1950366
0.0 0
0.0 0
37.0 14.825373
0.0 0
0.0 0
40.0 4.701675
0.0 0
0.0 0
43.0 11.940869
0.0 0
0.0 0
0.0 0
0.0 0
48.0 19.205801
0.0 0
50.0 0.8398841
0.0 0
0.0 0
0.0 0
54.0 34.945007
0.0 0
56.0 31.219673
0.0 0
58.0 21.782444
0.0 0
0.0 0
61.0 19.25188
0.0 0
0.0 0
64.0 15.218096
0.0 0
66.0 73.199615
0.0 0
0.0 0
69.0 36.07716
0.0 0
71.0 67.13598
0.0 0
73.0 1.8303953
0.0 0
75.0 3.651838
0.0 0
0.0 0
78.0 3.0048513
0.0 0
0.0 0
0.0 0
82.0 0.6772725
0.0 0
0.0 0
85.0 0.02454186
0.0 0
87.0 0.042675823
0.0 0
0.0 0
90.0 15.698809
0.0 0
0.0 0
93.0 0.0405765
0.0 0
0.0 0
96.0 62.83165
0.0 0
0.0 0
99.0 0.15567231
0.0 0
0.0 0
3.0 0.2014261
0.0 0
5.0 2.1250224
0.0 0
7.0 1.0775746
0.0 0
0.0 0
0.0 0
0.0 0
0.0 0
13.0 101.94502
0.0 0
0.0 0
16.0 0.41138566
0.0 0
18.0 0.22221935
0.0 0
0.0 0
0.0 0
22.0 37.37668
0.0 0
24.0 0.44278458
0.0 0
26.0 0.25876448
0.0 0
0.0 0
0.0 0
30.0 55.822807
0.0 0
32.0 22.78034
0.0 0
34.0 1.9764453
0.0 0
0.0 0
37.0 21.58558
0.0 0
0.0 0
0.0 0
0.0 0
42.0 5.6696787
0.0 0
0.0 0
45.0 4.873461
0.0 0
47.0 6.7192473
0.0 0
49.0 11.258805
0.0 0
0.0 0
0.0 0
0.0 0
54.0 53.385296
0.0 0
56.0 35.737667
0.0 0
58.0 22.478659
0.0 0
0.0 0
61.0 10.24847
0.0 0
0.0 0
64.0 6.0408335
0.0 0
66.0 74.43029
0.0 0
0.0 0
69.0 40.735985
0.0 0
71.0 69.91463
0.0 0
73.0 0.7056191
0.0 0
75.0 3.0784686
0.0 0
0.0 0
78.0 2.9634929
0.0 0
0.0 0
0.0 0
82.0 0.5641992
0.0 0
0.0 0
85.0 0.0649783
0.0 0
0.0 0
88.0 0.03139418
0.0 0
90.0 18.432806
0.0 0
0.0 0
93.0 0.03461917
0.0 0
0.0 0
96.0 58.787277
0.0 0
0.0 0
99.0 0.5077187
0.0 0
0.0 0
3.0 1.0444107
0.0 0
5.0 1.843884
0.0 0
0.0 0
0.0 0
0.0 0
0.0 0
0.0 0
0.0 0
13.0 102.16687
0.0 0
0.0 0
0.0 0
17.0 0.5274453
0.0 0
19.0 0.032500815
0.0 0
0.0 0
22.0 30.491983
0.0 0
24.0 0.021513134
0.0 0
26.0 0.4025345
0.0 0
28.0 0.9692511
0.0 0
0.0 0
31.0 32.06263
0.0 0
33.0 15.257778
0.0 0
0.0 0
0.0 0
37.0 26.86143
0.0 0
0.0 0
0.0 0
41.0 12.758323
0.0 0
43.0 1.6383249
0.0 0
0.0 0
46.0 13.874867
0.0 0
0.0 0
49.0 11.907664
0.0 0
51.0 19.71601
0.0 0
0.0 0
54.0 10.337254
0.0 0
56.0 18.930847
0.0 0
58.0 15.820607
0.0 0
0.0 0
0.0 0
62.0 22.629246
0.0 0
0.0 0
0.0 0
66.0 75.28096
0.0 0
0.0 0
69.0 30.827436
0.0 0
71.0 69.55217
0.0 0
0.0 0
0.0 0
75.0 5.8342123
0.0 0
0.0 0
78.0 3.2304437
0.0 0
0.0 0
0.0 0
82.0 0.29786292
0.0 0
0.0 0
85.0 0.03603059
0.0 0
87.0 0.014591105
0.0 0
0.0 0
0.0 0
91.0 22.328524
0.0 0
93.0 0.051225003
0.0 0
95.0 31.725004
0.0 0
97.0 0.08672694
0.0 0
99.0 0.48657453
0.0 0
0.0 0
3.0 4.0120234
0.0 0
5.0 2.6782491
0.0 0
0.0 0
0.0 0
0.0 0
0.0 0
0.0 0
0.0 0
13.0 104.986435
0.0 0
15.0 0.08899304
0.0 0
17.0 0.6287905
0.0 0
0.0 0
20.0 0.09859267
0.0 0
22.0 19.344208
0.0 0
24.0 0.035622347
0.0 0
0.0 0
27.0 0.35759696
0.0 0
0.0 0
0.0 0
31.0 48.63385
0.0 0
33.0 21.146011
0.0 0
0.0 0
0.0 0
37.0 32.06263
0.0 0
0.0 0
0.0 0
41.0 24.161085
0.0 0
0.0 0
0.0 0
45.0 21.000559
0.0 0
47.0 12.863386
0.0 0
49.0 27.78425
0.0 0
0.0 0
52.0 46.359886
0.0 0
0.0 0
55.0 67.968056
0.0 0
0.0 0
58.0 25.94922
0.0 0
0.0 0
0.0 0
0.0 0
63.0 50.242214
0.0 0
0.0 0
66.0 76.08765
0.0 0
0.0 0
69.0 25.73623
0.0 0
71.0 71.33474
0.0 0
0.0 0
0.0 0
75.0 11.974117
0.0 0
0.0 0
78.0 1.0241492
0.0 0
0.0 0
0.0 0
82.0 0.36556613
0.0 0
0.0 0
85.0 0.07898771
0.0 0
87.0 0.035825998
0.0 0
0.0 0
90.0 17.722847
0.0 0
0.0 0
93.0 0.08065222
0.0 0
95.0 29.434706
0.0 0
97.0 0.05805192
0.0 0
99.0 0.48657453
0.0 0
0.0 0
3.0 8.146026
0.0 0
5.0 1.7448523
0.0 0
0.0 0
0.0 0
0.0 0
0.0 0
0.0 0
0.0 0
13.0 105.46229
0.0 0
15.0 0.12180176
0.0 0
17.0 0.17808829
0.0 0
0.0 0
0.0 0
0.0 0
22.0 15.698809
0.0 0
24.0 0.015439259
0.0 0
0.0 0
27.0 1.1781898
0.0 0
0.0 0
0.0 0
0.0 0
32.0 65.8928
0.0 0
0.0 0
0.0 0
0.0 0
37.0 30.491957
0.0 0
0.0 0
40.0 35.171535
0.0 0
42.0 6.8878994
0.0 0
0.0 0
45.0 25.789436
0.0 0
0.0 0
48.0 49.191174
0.0 0
0.0 0
51.0 36.52953
0.0 0
53.0 17.244886
0.0 0
0.0 0
56.0 74.54856
0.0 0
58.0 24.368713
0.0 0
0.0 0
0.0 0
0.0 0
63.0 75.82988
0.0 0
0.0 0
66.0 75.04788
0.0 0
0.0 0
69.0 19.66929
0.0 0
71.0 70.17632
0.0 0
0.0 0
0.0 0
75.0 20.615248
0.0 0
0.0 0
78.0 0.6884916
0.0 0
80.0 0.060608625
0.0 0
82.0 0.13849165
0.0 0
0.0 0
85.0 1.3835943
0.0 0
87.0 0.10268312
0.0 0
0.0 0
90.0 22.428576
0.0 0
0.0 0
93.0 0.17979397
0.0 0
95.0 31.500263
0.0 0
97.0 0.051225003
0.0 0
99.0 0.5501551
0.0 0
0.0 0
3.0 2.0644572
0.0 0
5.0 3.5663357
0.0 0
0.0 0
0.0 0
0.0 0
0.0 0
0.0 0
0.0 0
13.0 104.11111
0.0 0
15.0 0.55480224
0.0 0
17.0 0.17058824
0.0 0
19.0 0.05011352
0.0 0
0.0 0
22.0 14.401633
0.0 0
0.0 0
0.0 0
26.0 0.15948
0.0 0
28.0 13.61674
0.0 0
30.0 9.4486475
0.0 0
32.0 69.816086
0.0 0
34.0 5.705895
0.0 0
0.0 0
37.0 44.019115
0.0 0
0.0 0
40.0 48.63385
0.0 0
42.0 17.679094
0.0 0
0.0 0
45.0 12.040822
0.0 0
0.0 0
0.0 0
49.0 37.71488
0.0 0
0.0 0
52.0 42.88087
0.0 0
54.0 17.287994
0.0 0
56.0 34.15245
0.0 0
0.0 0
59.0 22.378521
0.0 0
0.0 0
0.0 0
63.0 75.339066
0.0 0
0.0 0
66.0 76.42914
0.0 0
0.0 0
69.0 34.66195
0.0 0
71.0 71.839836
0.0 0
73.0 1.5146972
0.0 0
75.0 22.029829
0.0 0
0.0 0
78.0 1.3421828
0.0 0
80.0 0.1497455
0.0 0
82.0 0.10910142
0.0 0
0.0 0
85.0 1.1601127
0.0 0
0.0 0
0.0 0
0.0 0
0.0 0
91.0 29.490139
0.0 0
93.0 0.21209103
0.0 0
95.0 29.71212
0.0 0
97.0 0.06744514
0.0 0
99.0 0.5665699
0.0 0
0.0 0
3.0 2.1558876
0.0 0
5.0 1.0002885
0.0 0
0.0 0
0.0 0
0.0 0
0.0 0
0.0 0
0.0 0
13.0 104.78784
0.0 0
0.0 0
0.0 0
0.0 0
18.0 0.2081571
0.0 0
0.0 0
0.0 0
22.0 2.754415
0.0 0
24.0 0.60070336
0.0 0
0.0 0
0.0 0
28.0 1.2772384
0.0 0
0.0 0
0.0 0
32.0 61.29711
0.0 0
34.0 12.828283
0.0 0
0.0 0
37.0 51.42234
0.0 0
0.0 0
40.0 54.364563
0.0 0
42.0 37.65854
0.0 0
0.0 0
0.0 0
0.0 0
47.0 21.733189
0.0 0
49.0 56.35908
0.0 0
0.0 0
52.0 37.263832
0.0 0
0.0 0
55.0 46.412334
0.0 0
57.0 52.196373
0.0 0
59.0 42.224926
0.0 0
61.0 32.626236
0.0 0
63.0 72.33918
0.0 0
0.0 0
66.0 75.51288
0.0 0
0.0 0
69.0 32.513504
0.0 0
71.0 75.48396
0.0 0
73.0 4.446524
0.0 0
75.0 15.577684
0.0 0
0.0 0
0.0 0
79.0 0.83317155
0.0 0
0.0 0
82.0 0.1236312
0.0 0
0.0 0
85.0 0.35602498
0.0 0
0.0 0
0.0 0
0.0 0
0.0 0
91.0 21.194616
0.0 0
93.0 0.26717055
0.0 0
95.0 30.547892
0.0 0
97.0 0.08539217
0.0 0
99.0 0.6133272
0.0 0
0.0 0
3.0 5.9273586
0.0 0
5.0 1.3168671
0.0 0
0.0 0
0.0 0
0.0 0
0.0 0
0.0 0
0.0 0
13.0 103.49202
0.0 0
0.0 0
0.0 0
17.0 0.3200269
0.0 0
19.0 0.18065144
0.0 0
0.0 0
0.0 0
23.0 1.6690375
0.0 0
0.0 0
26.0 0.8466478
0.0 0
0.0 0
29.0 21.097467
0.0 0
0.0 0
32.0 72.12143
0.0 0
34.0 7.415353
0.0 0
0.0 0
37.0 57.28395
0.0 0
0.0 0
40.0 57.847878
0.0 0
42.0 71.46156
0.0 0
44.0 29.490139
0.0 0
46.0 39.34335
0.0 0
0.0 0
49.0 49.191193
0.0 0
0.0 0
52.0 55.8677
0.0 0
0.0 0
55.0 59.040264
0.0 0
57.0 58.447838
0.0 0
59.0 49.493244
0.0 0
61.0 48.020718
0.0 0
63.0 70.50124
0.0 0
0.0 0
66.0 76.54241
0.0 0
0.0 0
69.0 45.516037
0.0 0
71.0 79.84978
0.0 0
73.0 3.458972
0.0 0
75.0 19.576105
0.0 0
0.0 0
0.0 0
79.0 2.5225148
0.0 0
0.0 0
82.0 0.08945248
0.0 0
0.0 0
0.0 0
0.0 0
87.0 23.902653
0.0 0
0.0 0
0.0 0
91.0 19.15983
0.0 0
93.0 0.258765
0.0 0
95.0 34.83177
0.0 0
97.0 0.3560228
0.0 0
99.0 0.62101847
0.0 0
0.0 0
3.0 2.7256296
0.0 0
5.0 0.63665235
0.0 0
0.0 0
0.0 0
0.0 0
0.0 0
0.0 0
0.0 0
13.0 104.270546
0.0 0
0.0 0
0.0 0
17.0 0.2847124
0.0 0
0.0 0
0.0 0
21.0 1.1247008
0.0 0
23.0 1.5433562
0.0 0
0.0 0
0.0 0
0.0 0
0.0 0
29.0 43.044235
0.0 0
31.0 65.494514
0.0 0
33.0 26.323486
0.0 0
0.0 0
0.0 0
37.0 60.651993
0.0 0
0.0 0
0.0 0
0.0 0
42.0 80.559044
0.0 0
0.0 0
45.0 50.291855
0.0 0
47.0 36.92511
0.0 0
0.0 0
0.0 0
0.0 0
52.0 71.682625
0.0 0
0.0 0
55.0 42.88087
0.0 0
57.0 73.07771
0.0 0
0.0 0
0.0 0
61.0 68.64933
0.0 0
63.0 66.251686
0.0 0
0.0 0
66.0 76.65542
0.0 0
0.0 0
69.0 58.06302
0.0 0
71.0 79.92907
0.0 0
73.0 7.0600867
0.0 0
75.0 12.37862
0.0 0
0.0 0
0.0 0
79.0 2.042133
0.0 0
0.0 0
0.0 0
83.0 0.46422186
0.0 0
0.0 0
0.0 0
0.0 0
88.0 21.048937
0.0 0
0.0 0
91.0 18.432806
0.0 0
93.0 1.0161401
0.0 0
95.0 43.587017
0.0 0
97.0 0.7779928
0.0 0
99.0 0.83988583
0.0 0
0.0 0
3.0 2.984107
0.0 0
5.0 0.5785552
0.0 0
0.0 0
0.0 0
0.0 0
0.0 0
0.0 0
0.0 0
13.0 107.82634
0.0 0
0.0 0
0.0 0
0.0 0
18.0 0.12799619
0.0 0
0.0 0
0.0 0
0.0 0
23.0 1.797067
0.0 0
0.0 0
0.0 0
27.0 7.1916056
0.0 0
29.0 61.536648
0.0 0
0.0 0
32.0 67.86495
0.0 0
34.0 16.438995
0.0 0
0.0 0
37.0 65.239136
0.0 0
0.0 0
0.0 0
0.0 0
42.0 84.874504
0.0 0
0.0 0
45.0 45.727768
0.0 0
47.0 51.71382
0.0 0
0.0 0
50.0 47.35039
0.0 0
0.0 0
53.0 52.912704
0.0 0
55.0 36.133736
0.0 0
57.0 73.29082
0.0 0
59.0 36.586075
0.0 0
61.0 61.536648
0.0 0
63.0 66.00078
0.0 0
0.0 0
66.0 78.42833
0.0 0
0.0 0
69.0 59.250088
0.0 0
71.0 80.637245
0.0 0
73.0 7.8089867
0.0 0
75.0 14.864339
0.0 0
77.0 2.6223497
0.0 0
79.0 2.549413
0.0 0
0.0 0
0.0 0
83.0 1.0945072
0.0 0
0.0 0
86.0 1.4533031
0.0 0
0.0 0
89.0 20.61527
0.0 0
91.0 21.634687
0.0 0
93.0 1.2197719
0.0 0
95.0 45.886265
0.0 0
97.0 0.49283403
0.0 0
99.0 1.3018781
0.0 0
0.0 0
3.0 1.9764421
0.0 0
5.0 1.2291843
0.0 0
0.0 0
0.0 0
0.0 0
0.0 0
0.0 0
0.0 0
13.0 110.634094
0.0 0
0.0 0
0.0 0
17.0 0.7440431
0.0 0
0.0 0
0.0 0
0.0 0
22.0 3.2304437
0.0 0
0.0 0
0.0 0
0.0 0
27.0 24.472862
0.0 0
29.0 72.214874
0.0 0
0.0 0
32.0 68.64933
0.0 0
34.0 23.645382
0.0 0
0.0 0
37.0 68.61554
0.0 0
0.0 0
40.0 72.49407
0.0 0
42.0 93.04156
0.0 0
0.0 0
45.0 74.901596
0.0 0
0.0 0
0.0 0
0.0 0
50.0 68.00241
0.0 0
52.0 38.109028
0.0 0
0.0 0
55.0 56.270107
0.0 0
57.0 71.74559
0.0 0
59.0 48.73556
0.0 0
61.0 58.617867
0.0 0
63.0 62.94751
0.0 0
0.0 0
0.0 0
67.0 80.94896
0.0 0
69.0 61.056255
0.0 0
71.0 81.84795
0.0 0
73.0 7.4835887
0.0 0
75.0 17.201868
0.0 0
77.0 5.0669894
0.0 0
79.0 3.0784585
0.0 0
0.0 0
0.0 0
83.0 2.6408634
0.0 0
0.0 0
86.0 2.187166
0.0 0
0.0 0
0.0 0
90.0 57.588425
0.0 0
0.0 0
93.0 1.7002643
0.0 0
95.0 48.83705
0.0 0
97.0 0.42590618
0.0 0
99.0 1.065033
0.0 0
0.0 0
3.0 1.0691978
0.0 0
5.0 1.3524374
0.0 0
0.0 0
0.0 0
0.0 0
0.0 0
0.0 0
0.0 0
13.0 110.14864
0.0 0
0.0 0
16.0 0.062257376
0.0 0
0.0 0
19.0 0.8067844
0.0 0
0.0 0
0.0 0
23.0 5.946159
0.0 0
0.0 0
0.0 0
27.0 40.735954
0.0 0
29.0 70.79158
0.0 0
0.0 0
32.0 73.07771
0.0 0
34.0 23.748148
0.0 0
0.0 0
37.0 70.952034
0.0 0
0.0 0
40.0 76.17326
0.0 0
42.0 98.165016
0.0 0
0.0 0
45.0 83.356026
0.0 0
0.0 0
48.0 47.66052
0.0 0
0.0 0
0.0 0
52.0 58.57542
0.0 0
54.0 58.277164
0.0 0
0.0 0
57.0 81.31035
0.0 0
59.0 48.83705
0.0 0
61.0 29.878908
0.0 0
63.0 60.407726
0.0 0
0.0 0
66.0 80.897125
0.0 0
0.0 0
69.0 65.385254
0.0 0
71.0 83.57886
0.0 0
73.0 11.775689
0.0 0
75.0 14.786493
0.0 0
77.0 8.622533
0.0 0
79.0 15.779931
0.0 0
0.0 0
0.0 0
83.0 6.8454185
0.0 0
0.0 0
86.0 5.797301
0.0 0
0.0 0
0.0 0
90.0 76.65545
0.0 0
0.0 0
93.0 1.9266608
0.0 0
95.0 53.054928
0.0 0
97.0 0.7779928
0.0 0
99.0 1.1691202
0.0 0
0.0 0
3.0 1.0161401
0.0 0
5.0 3.3544471
0.0 0
0.0 0
0.0 0
0.0 0
0.0 0
0.0 0
0.0 0
13.0 99.258125
0.0 0
15.0 0.10910219
0.0 0
0.0 0
0.0 0
19.0 3.8930213
0.0 0
0.0 0
0.0 0
0.0 0
0.0 0
0.0 0
0.0 0
27.0 35.058277
0.0 0
29.0 60.12102
0.0 0
0.0 0
32.0 62.05134
0.0 0
34.0 33.98265
0.0 0
36.0 61.854084
0.0 0
38.0 14.942451
0.0 0
40.0 68.241875
0.0 0
42.0 88.49752
0.0 0
0.0 0
45.0 69.58526
0.0 0
47.0 30.827436
0.0 0
49.0 35.284767
0.0 0
51.0 63.446102
0.0 0
53.0 52.100178
0.0 0
55.0 37.376656
0.0 0
57.0 75.59956
0.0 0
59.0 29.490166
0.0 0
61.0 17.854675
0.0 0
63.0 41.39984
0.0 0
0.0 0
66.0 73.74408
0.0 0
0.0 0
69.0 66.572136
0.0 0
71.0 71.96522
0.0 0
73.0 11.386345
0.0 0
0.0 0
76.0 23.28741
0.0 0
0.0 0
79.0 20.424082
0.0 0
0.0 0
0.0 0
83.0 5.5621986
0.0 0
0.0 0
86.0 5.318172
0.0 0
0.0 0
0.0 0
90.0 76.17326
0.0 0
0.0 0
93.0 3.365917
0.0 0
95.0 41.23416
0.0 0
97.0 0.93535423
0.0 0
0.0 0
0.0 0
2.0 3.9455135
0.0 0
4.0 12.107821
0.0 0
6.0 5.7240686
0.0 0
0.0 0
0.0 0
0.0 0
0.0 0
0.0 0
13.0 42.279728
0.0 0
15.0 2.8226216
0.0 0
0.0 0
18.0 6.4526234
0.0 0
20.0 7.1475363
0.0 0
0.0 0
0.0 0
0.0 0
25.0 8.961489
0.0 0
0.0 0
0.0 0
29.0 16.23108
0.0 0
31.0 21.000511
0.0 0
33.0 17.461132
0.0 0
0.0 0
0.0 0
37.0 17.679073
0.0 0
0.0 0
40.0 23.491674
0.0 0
0.0 0
43.0 26.216385
0.0 0
0.0 0
46.0 23.236446
0.0 0
0.0 0
0.0 0
0.0 0
51.0 24.26485
0.0 0
0.0 0
54.0 21.58556
0.0 0
0.0 0
57.0 28.93691
0.0 0
59.0 16.775248
0.0 0
0.0 0
62.0 14.903358
0.0 0
0.0 0
0.0 0
0.0 0
67.0 21.438496
0.0 0
69.0 24.786304
0.0 0
71.0 27.948038
0.0 0
73.0 11.579753
0.0 0
75.0 10.101838
0.0 0
77.0 8.146026
0.0 0
79.0 12.175076
0.0 0
81.0 5.0506134
0.0 0
83.0 3.639515
0.0 0
85.0 3.4238143
0.0 0
0.0 0
0.0 0
0.0 0
0.0 0
91.0 33.530075
0.0 0
0.0 0
0.0 0
95.0 19.436794
0.0 0
0.0 0
98.0 4.826074
0.0 0
1.0 0.04929426
0.0 0
0.0 0
4.0 9.587686
0.0 0
6.0 0.6313995
0.0 0
0.0 0
0.0 0
0.0 0
0.0 0
0.0 0
13.0 103.95152
0.0 0
15.0 0.012528392
0.0 0
0.0 0
18.0 1.1467218
0.0 0
0.0 0
21.0 1.706568
0.0 0
0.0 0
24.0 28.276613
0.0 0
0.0 0
0.0 0
0.0 0
29.0 54.73298
0.0 0
31.0 56.35908
0.0 0
33.0 43.803307
0.0 0
0.0 0
0.0 0
37.0 64.50102
0.0 0
0.0 0
40.0 70.5336
0.0 0
0.0 0
43.0 72.67922
0.0 0
45.0 65.27571
0.0 0
0.0 0
0.0 0
49.0 77.55
0.0 0
51.0 52.91275
0.0 0
53.0 56.977608
0.0 0
0.0 0
0.0 0
57.0 84.68068
0.0 0
59.0 59.124336
0.0 0
0.0 0
62.0 33.1344
0.0 0
64.0 30.324533
0.0 0
0.0 0
67.0 78.40112
0.0 0
69.0 73.260445
0.0 0
71.0 80.76735
0.0 0
0.0 0
74.0 29.213217
0.0 0
0.0 0
77.0 6.6569004
0.0 0
79.0 7.9280043
0.0 0
0.0 0
82.0 0.7779928
0.0 0
0.0 0
85.0 0.41677758
0.0 0
0.0 0
0.0 0
0.0 0
0.0 0
91.0 91.0451
0.0 0
93.0 9.785088
0.0 0
95.0 56.359108
0.0 0
0.0 0
98.0 0.3560243
0.0 0
1.0 0.01928706
0.0 0
0.0 0
4.0 4.402754
0.0 0
0.0 0
7.0 1.3941212
0.0 0
0.0 0
0.0 0
0.0 0
0.0 0
13.0 106.13461
0.0 0
0.0 0
0.0 0
0.0 0
18.0 1.1334662
0.0 0
0.0 0
0.0 0
22.0 20.376446
0.0 0
24.0 32.85205
0.0 0
0.0 0
0.0 0
0.0 0
29.0 56.314632
0.0 0
0.0 0
32.0 55.8677
0.0 0
34.0 38.446358
0.0 0
0.0 0
37.0 65.4945
0.0 0
0.0 0
0.0 0
41.0 77.66067
0.0 0
43.0 62.715504
0.0 0
45.0 67.51936
0.0 0
0.0 0
0.0 0
49.0 90.33191
0.0 0
51.0 53.149498
0.0 0
0.0 0
54.0 56.97759
0.0 0
0.0 0
57.0 85.06771
0.0 0
59.0 54.364563
0.0 0
0.0 0
62.0 18.65819
0.0 0
64.0 65.12923
0.0 0
0.0 0
67.0 75.16457
0.0 0
69.0 75.483955
0.0 0
71.0 83.13234
0.0 0
0.0 0
74.0 42.82636
0.0 0
76.0 3.4121614
0.0 0
0.0 0
79.0 5.099878
0.0 0
0.0 0
82.0 2.7640724
0.0 0
0.0 0
0.0 0
86.0 1.6690316
0.0 0
0.0 0
89.0 0.9769278
0.0 0
91.0 88.908966
0.0 0
93.0 8.269285
0.0 0
95.0 60.529995
0.0 0
97.0 0.3736935
0.0 0
99.0 0.01716171
0.0 0
2.0 0.0063582757
0.0 0
4.0 3.377421
0.0 0
6.0 11.450561
0.0 0
0.0 0
0.0 0
0.0 0
0.0 0
0.0 0
13.0 106.01612
0.0 0
0.0 0
16.0 0.38365442
0.0 0
18.0 0.50556815
0.0 0
20.0 0.5252196
0.0 0
0.0 0
23.0 43.315983
0.0 0
25.0 2.603951
0.0 0
0.0 0
0.0 0
29.0 78.42833
0.0 0
0.0 0
32.0 56.35908
0.0 0
34.0 49.392696
0.0 0
0.0 0
0.0 0
38.0 65.01902
0.0 0
0.0 0
41.0 73.563324
0.0 0
43.0 69.35318
0.0 0
45.0 61.81454
0.0 0
47.0 46.517097
0.0 0
49.0 71.65112
0.0 0
51.0 61.176865
0.0 0
53.0 44.126842
0.0 0
0.0 0
0.0 0
57.0 81.464485
0.0 0
0.0 0
60.0 69.68434
0.0 0
62.0 47.24676
0.0 0
64.0 55.416786
0.0 0
66.0 74.37104
0.0 0
0.0 0
69.0 69.91465
0.0 0
71.0 82.68235
0.0 0
0.0 0
74.0 45.250538
0.0 0
0.0 0
77.0 4.0254455
0.0 0
79.0 9.700072
0.0 0
81.0 2.2428381
0.0 0
83.0 0.2004802
0.0 0
0.0 0
86.0 0.25995168
0.0 0
0.0 0
89.0 2.3079994
0.0 0
91.0 83.850075
0.0 0
93.0 9.28395
0.0 0
95.0 62.521187
0.0 0
97.0 0.7410231
0.0 0
0.0 0
1.0 0.024541795
0.0 0
0.0 0
4.0 4.671029
0.0 0
6.0 9.148491
0.0 0
0.0 0
0.0 0
0.0 0
0.0 0
0.0 0
13.0 104.748085
0.0 0
0.0 0
16.0 0.11300844
0.0 0
18.0 0.729049
0.0 0
0.0 0
0.0 0
0.0 0
23.0 25.78946
0.0 0
25.0 5.651627
0.0 0
0.0 0
0.0 0
29.0 78.94252
0.0 0
0.0 0
32.0 64.61256
0.0 0
34.0 56.180958
0.0 0
36.0 63.636368
0.0 0
38.0 72.77151
0.0 0
0.0 0
41.0 88.01456
0.0 0
43.0 72.49406
0.0 0
45.0 54.64112
0.0 0
47.0 45.51601
0.0 0
49.0 44.395645
0.0 0
51.0 49.342354
0.0 0
53.0 37.82759
0.0 0
0.0 0
0.0 0
57.0 83.726944
0.0 0
0.0 0
60.0 56.13631
0.0 0
0.0 0
0.0 0
0.0 0
0.0 0
66.0 74.25227
0.0 0
0.0 0
69.0 61.016014
0.0 0
71.0 80.21874
0.0 0
73.0 43.26167
0.0 0
75.0 8.988041
0.0 0
77.0 3.3315942
0.0 0
79.0 4.5351777
0.0 0
81.0 1.6021162
0.0 0
0.0 0
0.0 0
85.0 1.3269457
0.0 0
87.0 0.08192119
0.0 0
89.0 0.663486
0.0 0
91.0 81.592606
0.0 0
93.0 11.80857
0.0 0
95.0 64.83475
0.0 0
97.0 0.45047587
0.0 0
99.0 0.15194464
0.0 0
0.0 0
0.0 0
4.0 4.8734455
0.0 0
6.0 7.644844
0.0 0
0.0 0
0.0 0
0.0 0
0.0 0
0.0 0
13.0 103.271835
0.0 0
0.0 0
16.0 2.3495696
0.0 0
18.0 2.0054016
0.0 0
0.0 0
0.0 0
22.0 15.218115
0.0 0
0.0 0
0.0 0
0.0 0
0.0 0
28.0 80.42842
0.0 0
0.0 0
0.0 0
32.0 69.25332
0.0 0
34.0 59.791176
0.0 0
36.0 72.70999
0.0 0
38.0 68.27598
0.0 0
0.0 0
41.0 92.7808
0.0 0
43.0 74.54857
0.0 0
45.0 45.46301
0.0 0
47.0 56.88975
0.0 0
0.0 0
50.0 41.84055
0.0 0
52.0 45.30372
0.0 0
54.0 39.06346
0.0 0
0.0 0
57.0 83.15722
0.0 0
0.0 0
60.0 60.814148
0.0 0
62.0 62.443195
0.0 0
0.0 0
0.0 0
0.0 0
67.0 75.85859
0.0 0
69.0 69.01945
0.0 0
71.0 79.07697
0.0 0
73.0 33.643204
0.0 0
75.0 7.125592
0.0 0
77.0 2.8722336
0.0 0
79.0 4.161786
0.0 0
0.0 0
82.0 2.1097317
0.0 0
0.0 0
85.0 13.912026
0.0 0
0.0 0
0.0 0
0.0 0
0.0 0
91.0 71.11191
0.0 0
93.0 8.269285
0.0 0
95.0 67.830505
0.0 0
97.0 0.6210173
0.0 0
99.0 0.9133428
0.0 0
2.0 0.010182456
0.0 0
4.0 5.28406
0.0 0
6.0 13.949257
0.0 0
0.0 0
0.0 0
0.0 0
0.0 0
0.0 0
13.0 102.83069
0.0 0
0.0 0
16.0 2.5404148
0.0 0
18.0 0.41677758
0.0 0
0.0 0
0.0 0
22.0 9.448635
0.0 0
0.0 0
25.0 7.0383677
0.0 0
0.0 0
28.0 78.23753
0.0 0
0.0 0
31.0 79.4515
0.0 0
0.0 0
34.0 55.552486
0.0 0
36.0 74.25227
0.0 0
38.0 63.522305
0.0 0
0.0 0
41.0 93.560936
0.0 0
43.0 75.65725
0.0 0
45.0 55.416786
0.0 0
47.0 38.72707
0.0 0
49.0 32.11891
0.0 0
0.0 0
52.0 58.702652
0.0 0
54.0 32.68273
0.0 0
0.0 0
57.0 83.15724
0.0 0
0.0 0
60.0 67.62333
0.0 0
62.0 63.48424
0.0 0
0.0 0
0.0 0
66.0 74.930885
0.0 0
0.0 0
69.0 65.385254
0.0 0
71.0 78.07341
0.0 0
73.0 58.02005
0.0 0
75.0 9.87067
0.0 0
77.0 2.2752109
0.0 0
79.0 2.9532256
0.0 0
0.0 0
82.0 3.1754282
0.0 0
0.0 0
85.0 20.328913
0.0 0
87.0 0.19214635
0.0 0
0.0 0
0.0 0
91.0 62.3651
0.0 0
93.0 5.491508
0.0 0
95.0 67.380356
0.0 0
97.0 1.1116714
0.0 0
99.0 2.882249
0.0 0
2.0 0.018029818
0.0 0
0.0 0
0.0 0
6.0 2.8922942
0.0 0
0.0 0
0.0 0
0.0 0
0.0 0
0.0 0
13.0 103.791824
0.0 0
0.0 0
16.0 0.8776811
0.0 0
18.0 1.2291865
0.0 0
0.0 0
21.0 3.789836
0.0 0
0.0 0
24.0 10.75966
0.0 0
0.0 0
0.0 0
28.0 67.89933
0.0 0
0.0 0
31.0 81.64377
0.0 0
33.0 56.13633
0.0 0
0.0 0
36.0 72.92489
0.0 0
38.0 61.77493
0.0 0
0.0 0
41.0 92.410126
0.0 0
43.0 80.66329
0.0 0
45.0 59.375507
0.0 0
47.0 41.01297
0.0 0
49.0 44.502968
0.0 0
0.0 0
52.0 50.588783
0.0 0
54.0 38.052765
0.0 0
0.0 0
57.0 86.45121
0.0 0
0.0 0
60.0 59.832535
0.0 0
62.0 76.93679
0.0 0
64.0 55.957397
0.0 0
66.0 72.52497
0.0 0
0.0 0
69.0 51.47101
0.0 0
71.0 76.344
0.0 0
73.0 55.007584
0.0 0
75.0 16.314022
0.0 0
77.0 1.4587941
0.0 0
79.0 10.337254
0.0 0
0.0 0
82.0 2.2833683
0.0 0
0.0 0
85.0 7.7853622
0.0 0
87.0 0.3316483
0.0 0
0.0 0
0.0 0
91.0 56.713497
0.0 0
0.0 0
0.0 0
95.0 67.69249
0.0 0
97.0 0.78748834
0.0 0
99.0 1.6752385
0.0 0
2.0 0.019169634
0.0 0
4.0 1.2011317
0.0 0
6.0 3.726546
0.0 0
0.0 0
0.0 0
0.0 0
0.0 0
0.0 0
13.0 101.60158
0.0 0
0.0 0
16.0 0.27959847
0.0 0
18.0 1.2969164
0.0 0
0.0 0
21.0 2.2752185
0.0 0
0.0 0
24.0 8.024283
0.0 0
0.0 0
0.0 0
0.0 0
29.0 56.225555
0.0 0
31.0 85.9299
0.0 0
33.0 55.73288
0.0 0
0.0 0
36.0 68.6831
0.0 0
38.0 58.319897
0.0 0
0.0 0
41.0 90.399025
0.0 0
43.0 76.23024
0.0 0
0.0 0
46.0 55.957413
0.0 0
0.0 0
49.0 52.865253
0.0 0
0.0 0
52.0 40.62504
0.0 0
54.0 49.7939
0.0 0
0.0 0
57.0 85.3804
0.0 0
0.0 0
60.0 66.25166
0.0 0
62.0 79.79685
0.0 0
64.0 54.086582
0.0 0
66.0 67.41517
0.0 0
0.0 0
69.0 42.88087
0.0 0
71.0 74.16302
0.0 0
0.0 0
74.0 46.307377
0.0 0
0.0 0
77.0 1.9337041
0.0 0
79.0 23.542868
0.0 0
0.0 0
82.0 4.921226
0.0 0
0.0 0
85.0 6.4930673
0.0 0
0.0 0
88.0 0.688489
0.0 0
0.0 0
91.0 48.63385
0.0 0
93.0 4.95329
0.0 0
95.0 64.7978
0.0 0
97.0 1.5724946
0.0 0
99.0 1.9621066
0.0 0
2.0 0.02164311
0.0 0
4.0 1.3320044
0.0 0
6.0 3.1536534
0.0 0
0.0 0
0.0 0
0.0 0
0.0 0
0.0 0
13.0 98.57855
0.0 0
0.0 0
16.0 0.34824044
0.0 0
18.0 3.3088832
0.0 0
20.0 9.421051
0.0 0
0.0 0
0.0 0
24.0 42.771793
0.0 0
0.0 0
0.0 0
28.0 51.568214
0.0 0
0.0 0
31.0 84.16901
0.0 0
33.0 62.94753
0.0 0
0.0 0
36.0 61.85407
0.0 0
38.0 51.519646
0.0 0
0.0 0
41.0 90.10774
0.0 0
43.0 70.404015
0.0 0
0.0 0
46.0 56.35908
0.0 0
0.0 0
49.0 55.687824
0.0 0
0.0 0
0.0 0
53.0 57.631763
0.0 0
0.0 0
0.0 0
57.0 82.12747
0.0 0
0.0 0
60.0 77.1048
0.0 0
62.0 80.50683
0.0 0
64.0 53.807175
0.0 0
66.0 72.090225
0.0 0
0.0 0
69.0 60.20313
0.0 0
71.0 73.62364
0.0 0
0.0 0
74.0 34.831795
0.0 0
0.0 0
77.0 0.5274453
0.0 0
79.0 21.683899
0.0 0
0.0 0
82.0 5.3696704
0.0 0
0.0 0
85.0 14.631696
0.0 0
87.0 0.8133095
0.0 0
89.0 0.48657545
0.0 0
91.0 38.558685
0.0 0
93.0 7.714821
0.0 0
95.0 64.61256
0.0 0
0.0 0
98.0 5.9461493
0.0 0
1.0 0.020999666
0.0 0
0.0 0
4.0 0.97307825
0.0 0
6.0 4.402761
0.0 0
0.0 0
0.0 0
0.0 0
0.0 0
0.0 0
13.0 97.89549
0.0 0
0.0 0
0.0 0
17.0 1.0081904
0.0 0
19.0 29.268549
0.0 0
21.0 0.031033013
0.0 0
23.0 31.893785
0.0 0
25.0 18.343147
0.0 0
0.0 0
28.0 66.53663
0.0 0
0.0 0
31.0 75.04788
0.0 0
0.0 0
34.0 65.34876
0.0 0
36.0 58.787323
0.0 0
38.0 52.100178
0.0 0
0.0 0
41.0 81.00074
0.0 0
43.0 60.61141
0.0 0
45.0 57.934044
0.0 0
47.0 47.194878
0.0 0
49.0 41.895527
0.0 0
51.0 6.3326125
0.0 0
53.0 71.71411
0.0 0
0.0 0
0.0 0
57.0 83.430405
0.0 0
0.0 0
60.0 74.10338
0.0 0
62.0 80.245
0.0 0
64.0 52.292423
0.0 0
66.0 66.60759
0.0 0
0.0 0
69.0 73.19963
0.0 0
71.0 73.62364
0.0 0
0.0 0
74.0 33.303944
0.0 0
76.0 1.3575892
0.0 0
0.0 0
79.0 25.048765
0.0 0
0.0 0
82.0 6.3326125
0.0 0
0.0 0
85.0 12.44702
0.0 0
87.0 2.4958875
0.0 0
89.0 0.9242887
0.0 0
91.0 28.167007
0.0 0
93.0 5.908627
0.0 0
95.0 65.16588
0.0 0
0.0 0
98.0 6.8666162
0.0 0
1.0 0.021254962
0.0 0
0.0 0
4.0 0.942789
0.0 0
6.0 6.6156044
0.0 0
0.0 0
0.0 0
0.0 0
0.0 0
0.0 0
13.0 97.06256
0.0 0
0.0 0
16.0 0.5932383
0.0 0
0.0 0
19.0 1.4977304
0.0 0
21.0 0.049839187
0.0 0
23.0 31.950024
0.0 0
25.0 18.567867
0.0 0
0.0 0
28.0 63.44612
0.0 0
0.0 0
31.0 72.71001
0.0 0
0.0 0
34.0 67.692505
0.0 0
36.0 59.873833
0.0 0
38.0 51.32487
0.0 0
0.0 0
41.0 74.81358
0.0 0
43.0 68.8516
0.0 0
0.0 0
46.0 56.801674
0.0 0
48.0 15.337373
0.0 0
50.0 17.374413
0.0 0
0.0 0
0.0 0
54.0 58.787277
0.0 0
0.0 0
57.0 80.03459
0.0 0
0.0 0
60.0 74.45989
0.0 0
62.0 79.77037
0.0 0
64.0 50.539394
0.0 0
66.0 66.9254
0.0 0
0.0 0
69.0 71.58803
0.0 0
71.0 71.366486
0.0 0
0.0 0
74.0 29.7677
0.0 0
76.0 2.1250224
0.0 0
0.0 0
79.0 29.823305
0.0 0
0.0 0
82.0 4.8103504
0.0 0
0.0 0
85.0 7.691433
0.0 0
87.0 2.094545
0.0 0
89.0 0.77799135
0.0 0
91.0 16.81759
0.0 0
93.0 4.17563
0.0 0
95.0 65.27571
0.0 0
0.0 0
98.0 12.378572
0.0 0
1.0 0.022845887
0.0 0
0.0 0
4.0 1.2434318
0.0 0
6.0 3.5784366
0.0 0
0.0 0
0.0 0
0.0 0
0.0 0
0.0 0
13.0 95.56962
0.0 0
0.0 0
16.0 0.34517074
0.0 0
0.0 0
19.0 1.7642703
0.0 0
21.0 0.007392241
0.0 0
23.0 30.324533
0.0 0
0.0 0
0.0 0
0.0 0
28.0 43.15301
0.0 0
0.0 0
0.0 0
32.0 74.400665
0.0 0
34.0 67.44992
0.0 0
36.0 60.366863
0.0 0
38.0 46.56946
0.0 0
0.0 0
41.0 76.37239
0.0 0
43.0 65.42169
0.0 0
45.0 57.24033
0.0 0
47.0 47.969383
0.0 0
0.0 0
50.0 19.159853
0.0 0
0.0 0
53.0 59.41726
0.0 0
0.0 0
0.0 0
57.0 81.79697
0.0 0
0.0 0
60.0 72.679214
0.0 0
62.0 76.79633
0.0 0
64.0 49.039665
0.0 0
66.0 71.143814
0.0 0
0.0 0
69.0 61.972553
0.0 0
71.0 69.75024
0.0 0
0.0 0
74.0 29.601107
0.0 0
76.0 2.0869792
0.0 0
0.0 0
79.0 31.163548
0.0 0
0.0 0
82.0 3.8799906
0.0 0
0.0 0
85.0 10.160263
0.0 0
87.0 0.63665235
0.0 0
0.0 0
0.0 0
91.0 7.9280043
0.0 0
93.0 3.2638624
0.0 0
95.0 60.530014
0.0 0
0.0 0
98.0 6.55408
0.0 0
1.0 0.011900834
0.0 0
0.0 0
0.0 0
0.0 0
6.0 4.6710157
0.0 0
0.0 0
0.0 0
0.0 0
0.0 0
0.0 0
13.0 94.44188
0.0 0
0.0 0
16.0 0.41677758
0.0 0
0.0 0
19.0 2.012702
0.0 0
0.0 0
0.0 0
23.0 34.2656
0.0 0
0.0 0
0.0 0
27.0 43.478725
0.0 0
29.0 41.78554
0.0 0
31.0 70.07837
0.0 0
0.0 0
34.0 57.45819
0.0 0
36.0 60.975697
0.0 0
38.0 44.180687
0.0 0
0.0 0
41.0 73.5029
0.0 0
43.0 77.68829
0.0 0
45.0 62.754223
0.0 0
47.0 54.64111
0.0 0
0.0 0
50.0 31.44406
0.0 0
0.0 0
0.0 0
54.0 47.66057
0.0 0
0.0 0
57.0 79.451515
0.0 0
0.0 0
60.0 73.047195
0.0 0
62.0 77.77107
0.0 0
64.0 53.24394
0.0 0
66.0 65.055786
0.0 0
0.0 0
69.0 65.96481
0.0 0
71.0 70.11105
0.0 0
0.0 0
74.0 24.629335
0.0 0
76.0 1.6080993
0.0 0
0.0 0
79.0 44.395645
0.0 0
0.0 0
82.0 7.761764
0.0 0
0.0 0
85.0 14.708988
0.0 0
87.0 0.106385276
0.0 0
89.0 1.9196397
0.0 0
0.0 0
92.0 6.3923655
0.0 0
0.0 0
95.0 62.63785
0.0 0
0.0 0
98.0 5.4390006
0.0 0
1.0 0.001807087
0.0 0
0.0 0
0.0 0
5.0 6.3724008
0.0 0
0.0 0
0.0 0
0.0 0
0.0 0
0.0 0
0.0 0
13.0 92.889534
0.0 0
0.0 0
16.0 0.3214595
0.0 0
18.0 0.47833747
0.0 0
0.0 0
0.0 0
0.0 0
23.0 50.78595
0.0 0
0.0 0
0.0 0
27.0 76.76818
0.0 0
29.0 60.814148
0.0 0
31.0 72.70998
0.0 0
33.0 62.090668
0.0 0
0.0 0
36.0 58.702652
0.0 0
38.0 39.957584
0.0 0
0.0 0
41.0 68.00239
0.0 0
43.0 82.83273
0.0 0
45.0 70.7594
0.0 0
47.0 49.39267
0.0 0
0.0 0
50.0 31.219597
0.0 0
0.0 0
0.0 0
54.0 37.54584
0.0 0
0.0 0
57.0 79.95546
0.0 0
0.0 0
60.0 72.49406
0.0 0
62.0 78.78072
0.0 0
64.0 29.712149
0.0 0
0.0 0
67.0 69.848976
0.0 0
69.0 47.66052
0.0 0
71.0 67.76156
0.0 0
0.0 0
74.0 48.887745
0.0 0
76.0 14.631679
0.0 0
0.0 0
79.0 49.09019
0.0 0
0.0 0
82.0 8.072812
0.0 0
0.0 0
85.0 5.815731
0.0 0
87.0 1.8711209
0.0 0
0.0 0
0.0 0
91.0 8.219796
0.0 0
93.0 2.912487
0.0 0
95.0 62.05134
0.0 0
0.0 0
98.0 4.5500927
0.0 0
0.0 0
2.0 3.8454455E-4
0.0 0
0.0 0
5.0 5.81574
0.0 0
0.0 0
0.0 0
0.0 0
0.0 0
0.0 0
0.0 0
13.0 92.65015
0.0 0
0.0 0
16.0 0.12610911
0.0 0
0.0 0
0.0 0
20.0 0.87767947
0.0 0
0.0 0
23.0 60.079926
0.0 0
0.0 0
26.0 58.8718
0.0 0
28.0 53.71368
0.0 0
0.0 0
31.0 74.75484
0.0 0
33.0 56.13631
0.0 0
0.0 0
36.0 60.03877
0.0 0
38.0 35.22815
0.0 0
0.0 0
41.0 68.81797
0.0 0
43.0 87.06209
0.0 0
45.0 77.46684
0.0 0
47.0 44.770668
0.0 0
49.0 24.838701
0.0 0
51.0 4.402767
0.0 0
0.0 0
54.0 44.072994
0.0 0
0.0 0
57.0 76.3724
0.0 0
0.0 0
60.0 61.893585
0.0 0
62.0 76.85257
0.0 0
0.0 0
0.0 0
66.0 75.04786
0.0 0
0.0 0
69.0 63.063087
0.0 0
71.0 69.41962
0.0 0
0.0 0
74.0 59.208206
0.0 0
76.0 13.146663
0.0 0
0.0 0
79.0 52.292423
0.0 0
0.0 0
82.0 3.8540435
0.0 0
0.0 0
85.0 3.5302358
0.0 0
87.0 3.8154
0.0 0
89.0 3.6395092
0.0 0
91.0 10.637608
0.0 0
93.0 6.253658
0.0 0
95.0 61.57647
0.0 0
97.0 4.175617
0.0 0
99.0 0.039228555
0.0 0
2.0 0.012528392
0.0 0
0.0 0
5.0 8.024318
0.0 0
0.0 0
0.0 0
0.0 0
0.0 0
0.0 0
0.0 0
13.0 93.66876
0.0 0
0.0 0
16.0 1.3168671
0.0 0
0.0 0
0.0 0
0.0 0
21.0 1.173642
0.0 0
23.0 58.913967
0.0 0
0.0 0
26.0 54.17943
0.0 0
28.0 48.93843
0.0 0
0.0 0
31.0 69.61831
0.0 0
33.0 47.142933
0.0 0
0.0 0
0.0 0
37.0 61.13671
0.0 0
0.0 0
40.0 69.75027
0.0 0
0.0 0
43.0 86.025
0.0 0
45.0 79.558044
0.0 0
47.0 31.33185
0.0 0
49.0 30.939419
0.0 0
0.0 0
0.0 0
0.0 0
54.0 51.762234
0.0 0
0.0 0
57.0 77.9637
0.0 0
0.0 0
60.0 72.339195
0.0 0
62.0 69.25333
0.0 0
0.0 0
0.0 0
0.0 0
67.0 77.18859
0.0 0
69.0 64.64965
0.0 0
0.0 0
72.0 68.275955
0.0 0
74.0 64.20225
0.0 0
76.0 14.439849
0.0 0
0.0 0
79.0 47.5573
0.0 0
0.0 0
82.0 0.7380126
0.0 0
84.0 1.3941237
0.0 0
86.0 2.36638
0.0 0
0.0 0
89.0 6.273315
0.0 0
0.0 0
92.0 15.861298
0.0 0
0.0 0
95.0 59.50061
0.0 0
97.0 5.1163826
0.0 0
99.0 0.08853591
0.0 0
2.0 0.19673762
0.0 0
0.0 0
5.0 21.097446
0.0 0
7.0 0.0436399
0.0 0
0.0 0
0.0 0
0.0 0
12.0 92.84606
0.0 0
14.0 66.64302
0.0 0
16.0 0.17724006
0.0 0
0.0 0
0.0 0
0.0 0
0.0 0
0.0 0
0.0 0
24.0 63.9391
0.0 0
0.0 0
27.0 72.524956
0.0 0
0.0 0
0.0 0
31.0 67.76153
0.0 0
0.0 0
34.0 33.98265
0.0 0
0.0 0
37.0 58.8718
0.0 0
0.0 0
0.0 0
41.0 73.56332
0.0 0
43.0 82.85775
0.0 0
45.0 79.50481
0.0 0
47.0 26.162859
0.0 0
49.0 24.733953
0.0 0
0.0 0
0.0 0
0.0 0
54.0 57.24033
0.0 0
0.0 0
0.0 0
58.0 82.80771
0.0 0
60.0 71.17569
0.0 0
62.0 69.947426
0.0 0
0.0 0
65.0 69.28661
0.0 0
67.0 80.32371
0.0 0
69.0 49.14068
0.0 0
0.0 0
72.0 69.71731
0.0 0
74.0 49.993526
0.0 0
76.0 21.146011
0.0 0
0.0 0
79.0 50.88424
0.0 0
0.0 0
82.0 0.9963647
0.0 0
0.0 0
85.0 1.884877
0.0 0
0.0 0
0.0 0
89.0 5.908627
0.0 0
0.0 0
92.0 16.945026
0.0 0
0.0 0
95.0 60.285072
0.0 0
97.0 4.732501
0.0 0
99.0 0.047690988
0.0 0
0.0 0
0.0 0
0.0 0
5.0 56.88971
0.0 0
7.0 7.0383773
0.0 0
0.0 0
0.0 0
0.0 0
12.0 95.01788
0.0 0
14.0 76.087654
0.0 0
16.0 0.42040843
0.0 0
0.0 0
0.0 0
0.0 0
0.0 0
0.0 0
0.0 0
24.0 61.814514
0.0 0
0.0 0
27.0 80.79334
0.0 0
0.0 0
0.0 0
31.0 70.404015
0.0 0
33.0 26.915453
0.0 0
0.0 0
36.0 58.956116
0.0 0
38.0 43.4245
0.0 0
0.0 0
41.0 78.40112
0.0 0
43.0 84.48627
0.0 0
45.0 76.99284
0.0 0
47.0 28.276613
0.0 0
0.0 0
50.0 25.259491
0.0 0
0.0 0
0.0 0
54.0 58.744965
0.0 0
0.0 0
57.0 84.82612
0.0 0
0.0 0
60.0 66.18017
0.0 0
62.0 64.05207
0.0 0
0.0 0
0.0 0
0.0 0
67.0 87.08548
0.0 0
69.0 57.71832
0.0 0
0.0 0
72.0 71.52485
0.0 0
74.0 44.61012
0.0 0
0.0 0
77.0 19.950497
0.0 0
79.0 49.993526
0.0 0
0.0 0
82.0 2.2915552
0.0 0
84.0 3.9455318
0.0 0
0.0 0
87.0 2.2268007
0.0 0
89.0 5.439008
0.0 0
0.0 0
92.0 18.432827
0.0 0
0.0 0
95.0 61.456947
0.0 0
0.0 0
98.0 3.4944398
0.0 0
0.0 0
2.0 9.041265
0.0 0
0.0 0
5.0 50.982468
0.0 0
7.0 17.591692
0.0 0
0.0 0
0.0 0
0.0 0
12.0 93.34487
0.0 0
14.0 85.64379
0.0 0
16.0 0.38533744
0.0 0
0.0 0
0.0 0
0.0 0
0.0 0
0.0 0
0.0 0
24.0 60.935383
0.0 0
0.0 0
27.0 60.407707
0.0 0
0.0 0
0.0 0
31.0 66.180145
0.0 0
33.0 32.68268
0.0 0
0.0 0
36.0 59.708347
0.0 0
38.0 43.64111
0.0 0
0.0 0
41.0 78.78072
0.0 0
43.0 83.43038
0.0 0
45.0 73.169174
0.0 0
47.0 27.294483
0.0 0
49.0 22.378521
0.0 0
51.0 2.8922942
0.0 0
0.0 0
54.0 53.993603
0.0 0
0.0 0
57.0 83.405624
0.0 0
0.0 0
60.0 62.56014
0.0 0
62.0 64.31451
0.0 0
0.0 0
0.0 0
0.0 0
67.0 87.57478
0.0 0
69.0 65.67601
0.0 0
0.0 0
72.0 69.31991
0.0 0
74.0 59.29193
0.0 0
76.0 18.164557
0.0 0
0.0 0
79.0 54.410767
0.0 0
0.0 0
0.0 0
83.0 15.377178
0.0 0
0.0 0
0.0 0
87.0 3.036211
0.0 0
89.0 2.9124825
0.0 0
0.0 0
92.0 30.827412
0.0 0
0.0 0
95.0 62.404186
0.0 0
97.0 2.2670794
0.0 0
0.0 0
0.0 0
0.0 0
3.0 3.4944398
0.0 0
5.0 49.039616
0.0 0
7.0 10.944765
0.0 0
0.0 0
0.0 0
0.0 0
12.0 92.235176
0.0 0
14.0 92.824295
0.0 0
16.0 0.34517005
0.0 0
18.0 0.24265526
0.0 0
20.0 11.579769
0.0 0
0.0 0
0.0 0
24.0 56.88973
0.0 0
0.0 0
27.0 69.28665
0.0 0
0.0 0
0.0 0
31.0 69.947426
0.0 0
0.0 0
34.0 30.212978
0.0 0
36.0 63.101536
0.0 0
38.0 47.40219
0.0 0
0.0 0
41.0 75.45502
0.0 0
43.0 79.84979
0.0 0
45.0 72.40121
0.0 0
47.0 21.146011
0.0 0
49.0 11.45053
0.0 0
51.0 3.0467312
0.0 0
0.0 0
54.0 44.234444
0.0 0
0.0 0
0.0 0
58.0 80.94897
0.0 0
60.0 53.807156
0.0 0
62.0 67.65792
0.0 0
0.0 0
0.0 0
0.0 0
67.0 82.43081
0.0 0
69.0 74.81358
0.0 0
71.0 61.854084
0.0 0
0.0 0
74.0 58.702652
0.0 0
76.0 20.807386
0.0 0
0.0 0
79.0 47.50561
0.0 0
0.0 0
0.0 0
83.0 22.428555
0.0 0
85.0 1.9621164
0.0 0
87.0 6.2340517
0.0 0
0.0 0
90.0 4.446504
0.0 0
92.0 64.72381
0.0 0
0.0 0
95.0 61.496838
0.0 0
0.0 0
98.0 2.793214
0.0 0
1.0 13.2899885
0.0 0
3.0 11.418433
0.0 0
5.0 41.95053
0.0 0
7.0 30.380333
0.0 0
0.0 0
0.0 0
0.0 0
0.0 0
0.0 0
14.0 98.7436
0.0 0
0.0 0
0.0 0
18.0 1.357587
0.0 0
20.0 5.116399
0.0 0
0.0 0
23.0 51.85901
0.0 0
25.0 47.7121
0.0 0
27.0 73.260445
0.0 0
0.0 0
0.0 0
31.0 74.282
0.0 0
0.0 0
0.0 0
0.0 0
36.0 62.676697
0.0 0
38.0 48.020718
0.0 0
0.0 0
41.0 73.50292
0.0 0
43.0 78.72666
0.0 0
0.0 0
46.0 67.240906
0.0 0
48.0 17.33119
0.0 0
0.0 0
51.0 14.249682
0.0 0
0.0 0
54.0 39.734444
0.0 0
0.0 0
0.0 0
58.0 81.36178
0.0 0
60.0 52.052002
0.0 0
62.0 66.036705
0.0 0
0.0 0
0.0 0
0.0 0
67.0 81.00074
0.0 0
69.0 78.29212
0.0 0
0.0 0
72.0 69.452774
0.0 0
74.0 64.7978
0.0 0
76.0 19.29798
0.0 0
0.0 0
0.0 0
80.0 57.28395
0.0 0
82.0 24.943632
0.0 0
84.0 3.9323485
0.0 0
0.0 0
87.0 4.841813
0.0 0
0.0 0
90.0 2.5494087
0.0 0
92.0 74.31171
0.0 0
0.0 0
95.0 62.482212
0.0 0
97.0 4.147957
0.0 0
0.0 0
0.0 0
2.0 46.412308
0.0 0
0.0 0
0.0 0
0.0 0
7.0 68.31005
0.0 0
0.0 0
0.0 0
0.0 0
0.0 0
0.0 0
14.0 102.247475
0.0 0
0.0 0
17.0 30.212978
0.0 0
0.0 0
20.0 14.593159
0.0 0
0.0 0
23.0 49.09019
0.0 0
25.0 34.6053
0.0 0
27.0 70.11105
0.0 0
0.0 0
0.0 0
31.0 72.6484
0.0 0
0.0 0
34.0 54.27206
0.0 0
36.0 58.148796
0.0 0
38.0 48.63385
0.0 0
0.0 0
41.0 73.199615
0.0 0
43.0 80.50682
0.0 0
45.0 65.603516
0.0 0
0.0 0
48.0 12.688646
0.0 0
50.0 17.073143
0.0 0
0.0 0
0.0 0
54.0 38.72712
0.0 0
0.0 0
57.0 73.924095
0.0 0
0.0 0
60.0 51.955578
0.0 0
62.0 60.814148
0.0 0
0.0 0
0.0 0
0.0 0
67.0 82.12749
0.0 0
69.0 69.65134
0.0 0
0.0 0
72.0 72.245995
0.0 0
74.0 63.71224
0.0 0
0.0 0
0.0 0
0.0 0
0.0 0
0.0 0
0.0 0
82.0 66.57215
0.0 0
0.0 0
85.0 48.48107
0.0 0
87.0 43.53285
0.0 0
89.0 14.023933
0.0 0
0.0 0
92.0 71.4299
0.0 0
0.0 0
95.0 65.092514
0.0 0
97.0 20.80743
0.0 0
0.0 0
1.0 2.2997606
0.0 0
0.0 0
0.0 0
5.0 59.375546
0.0 0
7.0 5.3352833
0.0 0
0.0 0
0.0 0
0.0 0
0.0 0
0.0 0
14.0 97.33389
0.0 0
0.0 0
0.0 0
18.0 18.29839
0.0 0
0.0 0
21.0 62.32602
0.0 0
23.0 66.18014
0.0 0
25.0 62.443195
0.0 0
0.0 0
28.0 77.798645
0.0 0
0.0 0
31.0 82.22875
0.0 0
33.0 49.79385
0.0 0
0.0 0
36.0 54.778828
0.0 0
38.0 54.456924
0.0 0
0.0 0
41.0 78.26482
0.0 0
43.0 82.05138
0.0 0
45.0 69.84896
0.0 0
0.0 0
0.0 0
0.0 0
50.0 13.763803
0.0 0
0.0 0
53.0 42.71726
0.0 0
0.0 0
0.0 0
0.0 0
58.0 75.82988
0.0 0
60.0 52.38829
0.0 0
62.0 58.575394
0.0 0
0.0 0
0.0 0
0.0 0
67.0 84.65641
0.0 0
69.0 54.364563
0.0 0
0.0 0
72.0 65.42171
0.0 0
74.0 48.430065
0.0 0
76.0 8.622533
0.0 0
0.0 0
79.0 45.40993
0.0 0
0.0 0
82.0 57.718292
0.0 0
0.0 0
0.0 0
86.0 55.00756
0.0 0
0.0 0
89.0 46.149723
0.0 0
0.0 0
92.0 73.047195
0.0 0
0.0 0
95.0 63.78798
0.0 0
97.0 17.591713
0.0 0
0.0 0
1.0 1.3941262
0.0 0
0.0 0
0.0 0
5.0 82.30463
0.0 0
7.0 4.316366
0.0 0
0.0 0
0.0 0
0.0 0
0.0 0
0.0 0
14.0 96.1607
0.0 0
0.0 0
0.0 0
18.0 0.38533825
0.0 0
0.0 0
21.0 3.230454
0.0 0
23.0 48.225693
0.0 0
25.0 7.6914434
0.0 0
27.0 57.545055
0.0 0
0.0 0
30.0 71.90259
0.0 0
0.0 0
0.0 0
34.0 29.712149
0.0 0
0.0 0
0.0 0
38.0 56.359108
0.0 0
0.0 0
41.0 80.27125
0.0 0
43.0 82.8077
0.0 0
45.0 68.20774
0.0 0
0.0 0
0.0 0
49.0 62.5601
0.0 0
51.0 57.41468
0.0 0
53.0 59.74976
0.0 0
0.0 0
0.0 0
0.0 0
58.0 78.72666
0.0 0
60.0 39.231426
0.0 0
62.0 41.950504
0.0 0
64.0 25.259539
0.0 0
0.0 0
67.0 76.74002
0.0 0
69.0 46.20231
0.0 0
0.0 0
72.0 71.016045
0.0 0
74.0 39.455154
0.0 0
0.0 0
77.0 19.950476
0.0 0
79.0 49.743843
0.0 0
81.0 1.9126416
0.0 0
83.0 2.8722336
0.0 0
0.0 0
86.0 3.377421
0.0 0
0.0 0
89.0 10.759674
0.0 0
0.0 0
92.0 77.90872
0.0 0
0.0 0
95.0 66.7138
0.0 0
0.0 0
98.0 58.617867
0.0 0
1.0 7.5523477
0.0 0
0.0 0
0.0 0
5.0 87.132225
0.0 0
7.0 41.399868
0.0 0
0.0 0
0.0 0
0.0 0
0.0 0
13.0 94.59152
0.0 0
0.0 0
0.0 0
0.0 0
0.0 0
0.0 0
20.0 1.5090307
0.0 0
0.0 0
23.0 30.715525
0.0 0
0.0 0
0.0 0
27.0 51.42234
0.0 0
0.0 0
30.0 63.598408
0.0 0
0.0 0
0.0 0
34.0 7.644844
0.0 0
36.0 35.22815
0.0 0
38.0 41.399815
0.0 0
0.0 0
41.0 83.57886
0.0 0
43.0 83.00769
0.0 0
45.0 63.331535
0.0 0
0.0 0
48.0 49.793877
0.0 0
50.0 29.823254
0.0 0
52.0 18.93087
0.0 0
0.0 0
0.0 0
0.0 0
0.0 0
58.0 75.1937
0.0 0
60.0 29.990175
0.0 0
62.0 49.89378
0.0 0
0.0 0
0.0 0
0.0 0
67.0 77.90873
0.0 0
69.0 69.51905
0.0 0
0.0 0
72.0 72.86358
0.0 0
74.0 29.712168
0.0 0
76.0 31.556408
0.0 0
0.0 0
79.0 44.395626
0.0 0
0.0 0
0.0 0
83.0 9.6719
0.0 0
0.0 0
86.0 3.400554
0.0 0
0.0 0
0.0 0
90.0 6.8454185
0.0 0
92.0 82.53155
0.0 0
0.0 0
95.0 63.446102
0.0 0
0.0 0
98.0 48.430065
0.0 0
1.0 37.207375
0.0 0
3.0 23.33833
0.0 0
5.0 87.89908
0.0 0
7.0 0.3591802
0.0 0
0.0 0
0.0 0
0.0 0
0.0 0
13.0 93.62565
0.0 0
0.0 0
0.0 0
17.0 0.052072834
0.0 0
0.0 0
0.0 0
21.0 0.3243425
0.0 0
23.0 18.748775
0.0 0
0.0 0
0.0 0
0.0 0
28.0 43.31596
0.0 0
30.0 60.2441
0.0 0
0.0 0
33.0 3.4121668
0.0 0
0.0 0
0.0 0
0.0 0
38.0 9.476322
0.0 0
0.0 0
41.0 69.68434
0.0 0
43.0 70.2415
0.0 0
45.0 60.692623
0.0 0
47.0 24.629387
0.0 0
49.0 6.1561327
0.0 0
0.0 0
0.0 0
0.0 0
54.0 4.655743
0.0 0
0.0 0
0.0 0
58.0 78.373886
0.0 0
0.0 0
0.0 0
62.0 56.314632
0.0 0
0.0 0
0.0 0
0.0 0
67.0 82.707436
0.0 0
69.0 67.5887
0.0 0
0.0 0
72.0 74.5781
0.0 0
74.0 21.146034
0.0 0
76.0 15.658381
0.0 0
78.0 12.040822
0.0 0
0.0 0
81.0 6.6362495
0.0 0
83.0 2.6876626
0.0 0
0.0 0
0.0 0
0.0 0
88.0 48.276867
0.0 0
90.0 11.38636
0.0 0
92.0 91.4436
0.0 0
0.0 0
95.0 64.05204
0.0 0
0.0 0
0.0 0
99.0 18.612986
0.0 0
2.0 0.08320848
0.0 0
0.0 0
5.0 107.09998
0.0 0
7.0 31.837528
0.0 0
0.0 0
0.0 0
0.0 0
0.0 0
13.0 93.99162
0.0 0
15.0 1.1595273E-4
0.0 0
17.0 0.0021318533
0.0 0
0.0 0
0.0 0
21.0 9.014608
0.0 0
23.0 13.61674
0.0 0
25.0 0.027944
0.0 0
0.0 0
28.0 55.957397
0.0 0
30.0 57.934002
0.0 0
32.0 9.956862
0.0 0
34.0 0.26716942
0.0 0
36.0 0.11821408
0.0 0
38.0 0.4389833
0.0 0
0.0 0
41.0 57.67504
0.0 0
43.0 39.51107
0.0 0
0.0 0
0.0 0
0.0 0
48.0 13.362104
0.0 0
50.0 2.1558912
0.0 0
0.0 0
53.0 3.9455318
0.0 0
0.0 0
0.0 0
0.0 0
58.0 83.479935
0.0 0
60.0 4.1204557
0.0 0
62.0 44.180687
0.0 0
0.0 0
0.0 0
0.0 0
67.0 82.93277
0.0 0
69.0 64.50106
0.0 0
0.0 0
72.0 77.18859
0.0 0
74.0 53.99361
0.0 0
0.0 0
77.0 64.90857
0.0 0
0.0 0
80.0 22.328568
0.0 0
82.0 5.742291
0.0 0
84.0 10.131004
0.0 0
0.0 0
87.0 24.10932
0.0 0
0.0 0
90.0 30.324533
0.0 0
92.0 89.476746
0.0 0
0.0 0
95.0 67.5887
0.0 0
97.0 0.07695006
0.0 0
99.0 0.09084325
0.0 0
0.0 0
3.0 0.012055098
0.0 0
5.0 0.09037748
0.0 0
7.0 0.019404957
0.0 0
0.0 0
0.0 0
0.0 0
0.0 0
0.0 0
14.0 99.42236
0.0 0
0.0 0
17.0 1.5033672
0.0 0
19.0 0.6499443
0.0 0
21.0 0.07378687
0.0 0
23.0 29.934553
0.0 0
25.0 3.8282473
0.0 0
0.0 0
28.0 79.10381
0.0 0
30.0 48.43009
0.0 0
0.0 0
33.0 9.643754
0.0 0
0.0 0
36.0 27.240211
0.0 0
38.0 8.219772
0.0 0
0.0 0
41.0 64.46379
0.0 0
43.0 72.24598
0.0 0
45.0 9.175454
0.0 0
47.0 10.218983
0.0 0
0.0 0
0.0 0
51.0 8.097144
0.0 0
53.0 0.025431054
0.0 0
0.0 0
56.0 47.505634
0.0 0
58.0 53.149517
0.0 0
60.0 1.6814685
0.0 0
62.0 54.96191
0.0 0
0.0 0
65.0 77.88124
0.0 0
67.0 77.10482
0.0 0
69.0 77.24438
0.0 0
0.0 0
72.0 73.74408
0.0 0
74.0 71.68264
0.0 0
0.0 0
77.0 79.95547
0.0 0
0.0 0
0.0 0
81.0 40.1247
0.0 0
83.0 53.993603
0.0 0
85.0 27.566229
0.0 0
0.0 0
88.0 32.006336
0.0 0
90.0 31.612593
0.0 0
92.0 91.333084
0.0 0
0.0 0
0.0 0
96.0 67.380356
0.0 0
98.0 31.38797
0.0 0
0.0 0
0.0 0
0.0 0
4.0 2.3245473
0.0 0
0.0 0
7.0 2.650174
0.0 0
0.0 0
0.0 0
0.0 0
0.0 0
0.0 0
14.0 106.863945
0.0 0
16.0 0.026193945
0.0 0
0.0 0
19.0 0.0036483502
0.0 0
0.0 0
0.0 0
0.0 0
0.0 0
25.0 12.619256
0.0 0
0.0 0
28.0 92.62834
0.0 0
0.0 0
31.0 63.40794
0.0 0
33.0 24.316782
0.0 0
0.0 0
0.0 0
0.0 0
38.0 21.048962
0.0 0
0.0 0
41.0 70.33909
0.0 0
43.0 30.436172
0.0 0
45.0 20.424082
0.0 0
47.0 0.08539238
0.0 0
0.0 0
50.0 4.3737974
0.0 0
52.0 0.22325635
0.0 0
0.0 0
55.0 15.218115
0.0 0
0.0 0
0.0 0
59.0 3.4944398
0.0 0
0.0 0
62.0 27.403053
0.0 0
0.0 0
65.0 84.55926
0.0 0
67.0 77.46686
0.0 0
69.0 85.66769
0.0 0
0.0 0
72.0 76.3156
0.0 0
74.0 73.5029
0.0 0
0.0 0
77.0 82.02599
0.0 0
0.0 0
0.0 0
81.0 55.098824
0.0 0
83.0 54.272053
0.0 0
0.0 0
0.0 0
87.0 34.26562
0.0 0
89.0 19.298023
0.0 0
0.0 0
92.0 94.74095
0.0 0
0.0 0
95.0 71.96522
0.0 0
0.0 0
98.0 24.78628
0.0 0
1.0 71.016045
0.0 0
0.0 0
4.0 65.34876
0.0 0
6.0 67.76156
0.0 0
8.0 8.419201
0.0 0
0.0 0
0.0 0
0.0 0
0.0 0
14.0 107.00166
0.0 0
0.0 0
0.0 0
0.0 0
0.0 0
0.0 0
21.0 74.78422
0.0 0
23.0 1.7384149
0.0 0
0.0 0
0.0 0
0.0 0
28.0 60.285053
0.0 0
30.0 53.054905
0.0 0
32.0 3.5905957
0.0 0
0.0 0
35.0 0.0050119106
0.0 0
0.0 0
0.0 0
39.0 62.208496
0.0 0
0.0 0
42.0 62.754242
0.0 0
0.0 0
0.0 0
46.0 2.892299
0.0 0
48.0 4.0389004
0.0 0
0.0 0
0.0 0
0.0 0
0.0 0
54.0 16.355597
0.0 0
0.0 0
0.0 0
0.0 0
0.0 0
60.0 3.230433
0.0 0
62.0 34.718563
0.0 0
0.0 0
0.0 0
0.0 0
67.0 82.25406
0.0 0
69.0 82.20347
0.0 0
0.0 0
72.0 76.65545
0.0 0
74.0 72.339195
0.0 0
76.0 70.404015
0.0 0
78.0 15.060174
0.0 0
0.0 0
81.0 34.03927
0.0 0
83.0 37.65854
0.0 0
85.0 13.362122
0.0 0
0.0 0
0.0 0
0.0 0
90.0 64.72381
0.0 0
92.0 93.647224
0.0 0
0.0 0
95.0 71.77702
0.0 0
97.0 16.606524
0.0 0
0.0 0
1.0 77.66063
0.0 0
3.0 45.621956
0.0 0
0.0 0
6.0 46.307377
0.0 0
0.0 0
0.0 0
0.0 0
0.0 0
0.0 0
0.0 0
14.0 106.21357
0.0 0
0.0 0
0.0 0
18.0 83.20701
0.0 0
20.0 69.153244
0.0 0
22.0 0.9390676
0.0 0
0.0 0
0.0 0
0.0 0
0.0 0
0.0 0
0.0 0
30.0 57.631737
0.0 0
0.0 0
33.0 3.0152712
0.0 0
0.0 0
0.0 0
0.0 0
0.0 0
39.0 76.51414
0.0 0
41.0 50.539417
0.0 0
43.0 0.42223227
0.0 0
0.0 0
46.0 21.58558
0.0 0
48.0 0.07149053
0.0 0
0.0 0
0.0 0
52.0 2.4260547
0.0 0
54.0 0.9206272
0.0 0
56.0 0.20524734
0.0 0
0.0 0
0.0 0
60.0 42.170097
0.0 0
62.0 73.744064
0.0 0
0.0 0
65.0 81.181564
0.0 0
67.0 84.97118
0.0 0
69.0 85.57207
0.0 0
0.0 0
72.0 79.02323
0.0 0
74.0 66.81973
0.0 0
0.0 0
77.0 38.277737
0.0 0
0.0 0
80.0 16.859987
0.0 0
0.0 0
83.0 37.09447
0.0 0
0.0 0
86.0 10.014647
0.0 0
0.0 0
0.0 0
90.0 61.972553
0.0 0
92.0 94.09902
0.0 0
0.0 0
95.0 71.839836
0.0 0
97.0 36.812096
0.0 0
99.0 41.62041
0.0 0
2.0 10.486591
0.0 0
4.0 0.036236316
0.0 0
6.0 0.06602552
0.0 0
0.0 0
0.0 0
0.0 0
0.0 0
0.0 0
0.0 0
14.0 99.64787
0.0 0
16.0 41.675488
0.0 0
18.0 0.7290504
0.0 0
20.0 0.081496306
0.0 0
0.0 0
0.0 0
0.0 0
0.0 0
26.0 82.17816
0.0 0
28.0 71.83984
0.0 0
0.0 0
31.0 65.42169
0.0 0
33.0 13.580137
0.0 0
0.0 0
0.0 0
37.0 18.70346
0.0 0
39.0 3.651838
0.0 0
0.0 0
0.0 0
0.0 0
0.0 0
45.0 32.06263
0.0 0
0.0 0
0.0 0
0.0 0
50.0 10.79034
0.0 0
0.0 0
0.0 0
0.0 0
0.0 0
56.0 0.22118852
0.0 0
0.0 0
0.0 0
60.0 45.674904
0.0 0
62.0 31.556433
0.0 0
0.0 0
65.0 77.93622
0.0 0
67.0 77.881226
0.0 0
69.0 84.874504
0.0 0
0.0 0
72.0 77.07684
0.0 0
74.0 67.86495
0.0 0
0.0 0
0.0 0
78.0 28.112186
0.0 0
80.0 22.278625
0.0 0
82.0 18.885225
0.0 0
84.0 8.000143
0.0 0
86.0 22.228737
0.0 0
0.0 0
0.0 0
0.0 0
0.0 0
92.0 91.1338
0.0 0
0.0 0
95.0 76.99287
0.0 0
0.0 0
0.0 0
99.0 51.762257
0.0 0
0.0 0
3.0 3.2193794
0.0 0
0.0 0
0.0 0
7.0 2.1481333
0.0 0
0.0 0
0.0 0
0.0 0
0.0 0
0.0 0
14.0 100.95312
0.0 0
0.0 0
0.0 0
0.0 0
19.0 52.43617
0.0 0
0.0 0
0.0 0
23.0 47.03904
0.0 0
25.0 0.10113171
0.0 0
0.0 0
0.0 0
0.0 0
0.0 0
31.0 73.89413
0.0 0
33.0 13.146646
0.0 0
0.0 0
0.0 0
0.0 0
0.0 0
0.0 0
40.0 50.687412
0.0 0
0.0 0
43.0 7.714843
0.0 0
45.0 16.355597
0.0 0
0.0 0
48.0 14.4397955
0.0 0
50.0 0.025431262
0.0 0
0.0 0
0.0 0
0.0 0
0.0 0
0.0 0
0.0 0
0.0 0
59.0 3.0784733
0.0 0
0.0 0
62.0 30.436148
0.0 0
0.0 0
65.0 79.264595
0.0 0
67.0 96.97897
0.0 0
69.0 73.29082
0.0 0
0.0 0
0.0 0
73.0 83.89925
0.0 0
75.0 32.626312
0.0 0
0.0 0
0.0 0
79.0 43.749275
0.0 0
81.0 24.577148
0.0 0
0.0 0
84.0 16.024904
0.0 0
0.0 0
87.0 38.89532
0.0 0
0.0 0
0.0 0
0.0 0
92.0 69.81607
0.0 0
0.0 0
0.0 0
96.0 83.77622
0.0 0
0.0 0
0.0 0
0.0 0
0.0 0
3.0 54.824677
0.0 0
0.0 0
0.0 0
7.0 69.94742
0.0 0
0.0 0
0.0 0
0.0 0
0.0 0
0.0 0
14.0 99.40185
0.0 0
16.0 60.12102
0.0 0
18.0 2.2997644
0.0 0
20.0 1.1159977
0.0 0
22.0 0.009042278
0.0 0
0.0 0
25.0 0.013439167
0.0 0
0.0 0
0.0 0
0.0 0
0.0 0
0.0 0
32.0 52.960186
0.0 0
0.0 0
0.0 0
0.0 0
37.0 82.85777
0.0 0
0.0 0
40.0 28.496262
0.0 0
42.0 2.2670832
0.0 0
0.0 0
45.0 28.496286
0.0 0
47.0 3.2750711
0.0 0
0.0 0
0.0 0
0.0 0
52.0 0.06326587
0.0 0
54.0 0.055892717
0.0 0
0.0 0
57.0 2.6876667
0.0 0
0.0 0
60.0 0.72312665
0.0 0
62.0 34.09583
0.0 0
0.0 0
65.0 76.90873
0.0 0
67.0 97.50055
0.0 0
69.0 89.06838
0.0 0
0.0 0
72.0 88.083755
0.0 0
74.0 19.622656
0.0 0
76.0 46.621777
0.0 0
0.0 0
0.0 0
80.0 54.916233
0.0 0
82.0 32.68268
0.0 0
84.0 35.624443
0.0 0
0.0 0
0.0 0
88.0 52.14832
0.0 0
0.0 0
0.0 0
0.0 0
0.0 0
0.0 0
0.0 0
96.0 91.42151
0.0 0
98.0 70.95205
0.0 0
1.0 70.07837
0.0 0
3.0 62.986084
0.0 0
5.0 45.303696
0.0 0
7.0 17.635328
0.0 0
0.0 0
0.0 0
0.0 0
0.0 0
0.0 0
14.0 99.52492
0.0 0
0.0 0
0.0 0
0.0 0
0.0 0
0.0 0
0.0 0
0.0 0
0.0 0
0.0 0
0.0 0
26.0 16.397242
0.0 0
0.0 0
0.0 0
30.0 81.05246
0.0 0
32.0 74.07356
0.0 0
0.0 0
0.0 0
36.0 46.778484
0.0 0
38.0 0.48450378
0.0 0
40.0 0.021513073
0.0 0
0.0 0
0.0 0
44.0 31.556408
0.0 0
46.0 2.6315904
0.0 0
48.0 0.0051195915
0.0 0
0.0 0
0.0 0
0.0 0
0.0 0
0.0 0
0.0 0
56.0 2.5584264
0.0 0
58.0 0.22118899
0.0 0
60.0 5.6877537
0.0 0
62.0 51.03152
0.0 0
0.0 0
0.0 0
0.0 0
67.0 97.95774
0.0 0
69.0 93.75498
0.0 0
0.0 0
72.0 63.674343
0.0 0
74.0 44.3419
0.0 0
0.0 0
77.0 33.021427
0.0 0
0.0 0
80.0 33.869465
0.0 0
82.0 46.044476
0.0 0
0.0 0
0.0 0
86.0 16.690744
0.0 0
0.0 0
89.0 48.430065
0.0 0
0.0 0
92.0 28.38639
0.0 0
0.0 0
0.0 0
96.0 92.12565
0.0 0
98.0 76.14473
0.0 0
1.0 12.793283
0.0 0
3.0 2.8522959
0.0 0
5.0 0.46821573
0.0 0
0.0 0
0.0 0
0.0 0
0.0 0
0.0 0
0.0 0
0.0 0
14.0 100.668564
0.0 0
0.0 0
0.0 0
0.0 0
0.0 0
0.0 0
0.0 0
0.0 0
0.0 0
0.0 0
25.0 69.35318
0.0 0
27.0 64.871666
0.0 0
29.0 41.06833
0.0 0
0.0 0
0.0 0
33.0 8.494973
0.0 0
35.0 9.3934555
0.0 0
37.0 8.520371
0.0 0
0.0 0
0.0 0
0.0 0
0.0 0
43.0 34.265648
0.0 0
45.0 9.041253
0.0 0
47.0 0.003982857
0.0 0
49.0 0.0020824696
0.0 0
51.0 0.0022336738
0.0 0
0.0 0
54.0 8.244528
0.0 0
56.0 0.15417072
0.0 0
0.0 0
0.0 0
60.0 3.4354918
0.0 0
62.0 7.598479
0.0 0
64.0 28.661285
0.0 0
0.0 0
67.0 93.77651
0.0 0
69.0 83.03265
0.0 0
71.0 34.265648
0.0 0
0.0 0
74.0 36.868637
0.0 0
76.0 11.974117
0.0 0
78.0 30.324533
0.0 0
0.0 0
81.0 25.576944
0.0 0
0.0 0
84.0 59.082317
0.0 0
0.0 0
0.0 0
88.0 23.33833
0.0 0
90.0 11.450546
0.0 0
0.0 0
0.0 0
0.0 0
0.0 0
96.0 91.24458
0.0 0
98.0 50.588783
0.0 0
0.0 0
0.0 0
0.0 0
0.0 0
5.0 46.359856
0.0 0
7.0 57.065315
0.0 0
0.0 0
0.0 0
0.0 0
0.0 0
0.0 0
14.0 105.00629
0.0 0
0.0 0
0.0 0
18.0 74.6076
0.0 0
0.0 0
0.0 0
22.0 72.98606
0.0 0
24.0 63.901352
0.0 0
26.0 2.77375
0.0 0
0.0 0
29.0 0.1016469
0.0 0
0.0 0
0.0 0
33.0 3.308878
0.0 0
0.0 0
36.0 0.22325586
0.0 0
0.0 0
0.0 0
0.0 0
41.0 34.945034
0.0 0
43.0 7.6914434
0.0 0
45.0 0.3687979
0.0 0
47.0 0.0056892363
0.0 0
49.0 0.0056102104
0.0 0
0.0 0
0.0 0
53.0 4.610214
0.0 0
0.0 0
0.0 0
0.0 0
58.0 1.4865128
0.0 0
0.0 0
0.0 0
62.0 20.044718
0.0 0
64.0 60.40769
0.0 0
0.0 0
67.0 96.07645
0.0 0
0.0 0
70.0 59.91514
0.0 0
0.0 0
0.0 0
74.0 52.003834
0.0 0
76.0 20.51959
0.0 0
0.0 0
0.0 0
80.0 30.883408
0.0 0
82.0 44.34195
0.0 0
0.0 0
85.0 48.6847
0.0 0
87.0 75.04786
0.0 0
89.0 72.18375
0.0 0
91.0 38.22149
0.0 0
0.0 0
0.0 0
0.0 0
96.0 87.29561
0.0 0
0.0 0
0.0 0
1.0 47.298584
0.0 0
0.0 0
0.0 0
0.0 0
6.0 67.623344
0.0 0
0.0 0
0.0 0
0.0 0
0.0 0
0.0 0
0.0 0
14.0 105.93708
0.0 0
0.0 0
17.0 73.80416
0.0 0
19.0 73.412155
0.0 0
21.0 47.60895
0.0 0
23.0 2.0054116
0.0 0
0.0 0
26.0 0.012132788
0.0 0
0.0 0
29.0 0.074175656
0.0 0
0.0 0
0.0 0
33.0 1.431529
0.0 0
0.0 0
0.0 0
0.0 0
0.0 0
39.0 32.964977
0.0 0
0.0 0
42.0 9.587648
0.0 0
44.0 1.4047191
0.0 0
46.0 0.13513304
0.0 0
0.0 0
0.0 0
0.0 0
0.0 0
52.0 16.522581
0.0 0
54.0 0.6472662
0.0 0
0.0 0
0.0 0
58.0 9.643754
0.0 0
60.0 1.2011296
0.0 0
62.0 5.6516523
0.0 0
0.0 0
0.0 0
0.0 0
67.0 98.268524
0.0 0
69.0 26.64586
0.0 0
0.0 0
72.0 40.23602
0.0 0
74.0 26.861456
0.0 0
76.0 23.902653
0.0 0
78.0 16.148422
0.0 0
0.0 0
0.0 0
82.0 55.326176
0.0 0
84.0 28.27664
0.0 0
0.0 0
87.0 61.33711
0.0 0
0.0 0
90.0 45.516037
0.0 0
0.0 0
0.0 0
0.0 0
95.0 87.96838
0.0 0
0.0 0
0.0 0
0.0 0
1.0 47.03899
0.0 0
3.0 27.457403
0.0 0
0.0 0
0.0 0
7.0 65.53087
0.0 0
0.0 0
0.0 0
0.0 0
0.0 0
0.0 0
14.0 106.74583
0.0 0
0.0 0
17.0 49.593605
0.0 0
19.0 3.3202167
0.0 0
21.0 0.016229585
0.0 0
0.0 0
0.0 0
0.0 0
26.0 0.0206214
0.0 0
28.0 0.1182138
0.0 0
0.0 0
0.0 0
32.0 56.492283
0.0 0
34.0 2.6595004
0.0 0
0.0 0
37.0 55.326153
0.0 0
39.0 25.523933
0.0 0
0.0 0
42.0 12.276537
0.0 0
44.0 5.3010845
0.0 0
0.0 0
47.0 0.44854227
0.0 0
0.0 0
0.0 0
51.0 8.961537
0.0 0
0.0 0
0.0 0
0.0 0
56.0 15.658362
0.0 0
58.0 19.809599
0.0 0
0.0 0
0.0 0
62.0 39.90179
0.0 0
0.0 0
0.0 0
0.0 0
67.0 102.14673
0.0 0
69.0 35.45457
0.0 0
71.0 30.212978
0.0 0
73.0 63.522305
0.0 0
75.0 46.674046
0.0 0
77.0 11.841568
0.0 0
79.0 57.15292
0.0 0
0.0 0
82.0 68.98595
0.0 0
84.0 23.083925
0.0 0
86.0 78.34664
0.0 0
88.0 69.68433
0.0 0
0.0 0
91.0 71.302986
0.0 0
0.0 0
0.0 0
95.0 80.06094
0.0 0
97.0 76.711845
0.0 0
0.0 0
1.0 27.348715
0.0 0
0.0 0
0.0 0
0.0 0
6.0 62.247723
0.0 0
0.0 0
0.0 0
0.0 0
0.0 0
0.0 0
0.0 0
14.0 103.97148
0.0 0
16.0 0.60320854
0.0 0
18.0 0.0026451203
0.0 0
0.0 0
0.0 0
22.0 0.001880132
0.0 0
0.0 0
25.0 0.023259921
0.0 0
0.0 0
0.0 0
0.0 0
0.0 0
31.0 76.0591
0.0 0
0.0 0
0.0 0
0.0 0
36.0 72.339165
0.0 0
38.0 58.06302
0.0 0
40.0 42.443977
0.0 0
42.0 27.566204
0.0 0
44.0 17.504585
0.0 0
46.0 2.6782403
0.0 0
0.0 0
49.0 16.775248
0.0 0
51.0 0.19397111
0.0 0
0.0 0
0.0 0
0.0 0
0.0 0
57.0 10.307593
0.0 0
0.0 0
60.0 14.287594
0.0 0
0.0 0
63.0 16.024942
0.0 0
0.0 0
0.0 0
67.0 100.668564
0.0 0
69.0 44.877552
0.0 0
0.0 0
0.0 0
73.0 45.833473
0.0 0
75.0 21.881222
0.0 0
0.0 0
0.0 0
0.0 0
80.0 81.51577
0.0 0
82.0 75.68605
0.0 0
0.0 0
0.0 0
0.0 0
87.0 75.97326
0.0 0
0.0 0
90.0 64.31451
0.0 0
0.0 0
0.0 0
94.0 59.956387
0.0 0
0.0 0
97.0 62.365135
0.0 0
99.0 51.907322
0.0 0
0.0 0
3.0 41.234188
0.0 0
5.0 5.1661983
0.0 0
7.0 0.31294674
0.0 0
0.0 0
0.0 0
0.0 0
0.0 0
0.0 0
14.0 103.33191
0.0 0
16.0 6.77662E-4
0.0 0
18.0 3.5988668E-4
0.0 0
0.0 0
21.0 0.0017090716
0.0 0
23.0 0.0014193928
0.0 0
0.0 0
0.0 0
0.0 0
0.0 0
0.0 0
0.0 0
31.0 72.43219
0.0 0
0.0 0
0.0 0
35.0 68.8516
0.0 0
0.0 0
0.0 0
39.0 58.4904
0.0 0
41.0 15.618007
0.0 0
43.0 15.618007
0.0 0
0.0 0
0.0 0
47.0 52.244434
0.0 0
49.0 0.80030274
0.0 0
0.0 0
0.0 0
53.0 0.2635391
0.0 0
0.0 0
56.0 3.3202217
0.0 0
0.0 0
0.0 0
60.0 13.507195
0.0 0
0.0 0
63.0 11.940886
0.0 0
0.0 0
0.0 0
67.0 76.28717
0.0 0
0.0 0
70.0 50.09314
0.0 0
72.0 50.785927
0.0 0
0.0 0
75.0 42.608017
0.0 0
0.0 0
0.0 0
79.0 68.00241
0.0 0
81.0 50.982468
0.0 0
83.0 74.07356
0.0 0
0.0 0
0.0 0
87.0 64.68674
0.0 0
0.0 0
90.0 62.52117
0.0 0
0.0 0
0.0 0
0.0 0
95.0 79.5846
0.0 0
97.0 69.18664
0.0 0
99.0 61.417046
0.0 0
0.0 0
3.0 3.142815
0.0 0
5.0 1.4261317
0.0 0
0.0 0
0.0 0
0.0 0
0.0 0
0.0 0
0.0 0
0.0 0
14.0 102.60971
0.0 0
16.0 0.043155577
0.0 0
0.0 0
0.0 0
0.0 0
21.0 43.20738
0.0 0
23.0 14.942471
0.0 0
0.0 0
26.0 51.276073
0.0 0
0.0 0
29.0 66.10851
0.0 0
31.0 51.810654
0.0 0
33.0 13.874833
0.0 0
0.0 0
0.0 0
0.0 0
38.0 29.32391
0.0 0
40.0 12.96909
0.0 0
0.0 0
0.0 0
0.0 0
45.0 50.48995
0.0 0
47.0 10.882775
0.0 0
49.0 0.1903377
0.0 0
51.0 0.10910168
0.0 0
0.0 0
0.0 0
55.0 14.981615
0.0 0
0.0 0
0.0 0
59.0 14.516353
0.0 0
0.0 0
0.0 0
63.0 5.77892
0.0 0
0.0 0
0.0 0
67.0 75.42605
0.0 0
69.0 64.014435
0.0 0
71.0 37.09452
0.0 0
0.0 0
74.0 9.870696
0.0 0
76.0 48.37903
0.0 0
0.0 0
79.0 86.262115
0.0 0
0.0 0
82.0 81.87343
0.0 0
84.0 38.61483
0.0 0
86.0 81.515785
0.0 0
0.0 0
0.0 0
90.0 67.933716
0.0 0
92.0 76.17326
0.0 0
0.0 0
95.0 76.3156
0.0 0
97.0 77.74349
0.0 0
99.0 46.56946
0.0 0
2.0 1.4047265
0.0 0
0.0 0
5.0 0.2623385
0.0 0
0.0 0
0.0 0
0.0 0
0.0 0
0.0 0
0.0 0
0.0 0
14.0 100.83124
0.0 0
0.0 0
0.0 0
0.0 0
0.0 0
20.0 74.459885
0.0 0
22.0 53.526276
0.0 0
0.0 0
0.0 0
26.0 65.748375
0.0 0
28.0 51.080513
0.0 0
30.0 43.15301
0.0 0
0.0 0
33.0 3.0784636
0.0 0
0.0 0
0.0 0
37.0 43.152985
0.0 0
39.0 24.838678
0.0 0
0.0 0
0.0 0
0.0 0
44.0 58.702652
0.0 0
46.0 44.44931
0.0 0
48.0 0.3272464
0.0 0
0.0 0
51.0 0.38533744
0.0 0
0.0 0
54.0 1.6261765
0.0 0
0.0 0
0.0 0
58.0 17.679115
0.0 0
0.0 0
61.0 3.4355025
0.0 0
63.0 15.779894
0.0 0
0.0 0
0.0 0
67.0 64.68674
0.0 0
69.0 49.89378
0.0 0
71.0 46.830677
0.0 0
0.0 0
74.0 54.41076
0.0 0
0.0 0
0.0 0
0.0 0
79.0 83.18212
0.0 0
81.0 59.50061
0.0 0
83.0 79.71737
0.0 0
0.0 0
86.0 84.753456
0.0 0
0.0 0
0.0 0
90.0 84.46193
0.0 0
0.0 0
93.0 75.16458
0.0 0
95.0 57.977047
0.0 0
97.0 47.763622
0.0 0
99.0 46.517097
0.0 0
2.0 0.31294802
0.0 0
0.0 0
0.0 0
0.0 0
7.0 9.366027
0.0 0
0.0 0
0.0 0
0.0 0
0.0 0
0.0 0
14.0 101.338455
0.0 0
0.0 0
0.0 0
0.0 0
19.0 87.78345
0.0 0
21.0 68.03667
0.0 0
23.0 52.7226
0.0 0
25.0 44.288223
0.0 0
27.0 63.78798
0.0 0
29.0 20.233925
0.0 0
0.0 0
0.0 0
0.0 0
0.0 0
35.0 50.982468
0.0 0
37.0 43.044266
0.0 0
0.0 0
40.0 37.09452
0.0 0
0.0 0
0.0 0
44.0 59.29193
0.0 0
46.0 7.103714
0.0 0
0.0 0
49.0 0.41858912
0.0 0
0.0 0
52.0 0.2222203
0.0 0
54.0 5.964992
0.0 0
56.0 4.1067643
0.0 0
58.0 21.000559
0.0 0
0.0 0
0.0 0
62.0 10.248484
0.0 0
0.0 0
65.0 16.775267
0.0 0
0.0 0
68.0 54.456924
0.0 0
70.0 47.453953
0.0 0
72.0 28.22181
0.0 0
0.0 0
0.0 0
76.0 84.21793
0.0 0
78.0 72.955475
0.0 0
0.0 0
81.0 78.23754
0.0 0
83.0 84.826096
0.0 0
85.0 63.901375
0.0 0
87.0 62.011944
0.0 0
0.0 0
90.0 71.07999
0.0 0
92.0 47.969357
0.0 0
0.0 0
95.0 46.30735
0.0 0
97.0 73.774124
0.0 0
99.0 50.291836
0.0 0
2.0 10.790355
0.0 0
0.0 0
5.0 43.370266
0.0 0
7.0 47.7121
0.0 0
0.0 0
0.0 0
0.0 0
0.0 0
0.0 0
14.0 101.4802
0.0 0
16.0 75.16457
0.0 0
18.0 48.887745
0.0 0
20.0 17.722868
0.0 0
0.0 0
23.0 30.715578
0.0 0
0.0 0
26.0 7.73829
0.0 0
28.0 12.208847
0.0 0
0.0 0
0.0 0
32.0 40.40284
0.0 0
0.0 0
35.0 44.502995
0.0 0
37.0 43.64113
0.0 0
0.0 0
0.0 0
0.0 0
42.0 61.17685
0.0 0
44.0 4.5054464
0.0 0
0.0 0
47.0 0.50342864
0.0 0
0.0 0
50.0 1.0526171
0.0 0
52.0 0.18065263
0.0 0
0.0 0
0.0 0
0.0 0
0.0 0
58.0 16.314022
0.0 0
0.0 0
61.0 10.189603
0.0 0
63.0 8.343961
0.0 0
0.0 0
0.0 0
0.0 0
68.0 66.25166
0.0 0
70.0 65.385254
0.0 0
72.0 72.40121
0.0 0
74.0 30.939419
0.0 0
0.0 0
77.0 78.807724
0.0 0
0.0 0
80.0 70.95205
0.0 0
0.0 0
83.0 77.660675
0.0 0
0.0 0
0.0 0
0.0 0
0.0 0
0.0 0
90.0 98.35128
0.0 0
92.0 57.10913
0.0 0
94.0 65.784515
0.0 0
0.0 0
0.0 0
98.0 67.79607
0.0 0
0.0 0
2.0 67.170975
0.0 0
0.0 0
5.0 37.320248
0.0 0
7.0 15.337318
0.0 0
0.0 0
0.0 0
0.0 0
0.0 0
0.0 0
14.0 100.79057
0.0 0
0.0 0
0.0 0
18.0 18.567823
0.0 0
0.0 0
21.0 22.729904
0.0 0
23.0 2.3833003
0.0 0
0.0 0
26.0 1.3168671
0.0 0
28.0 3.867004
0.0 0
0.0 0
0.0 0
32.0 37.433025
0.0 0
0.0 0
0.0 0
0.0 0
37.0 45.356815
0.0 0
0.0 0
40.0 71.23938
0.0 0
42.0 10.729048
0.0 0
44.0 0.5012903
0.0 0
46.0 0.08762707
0.0 0
48.0 0.20913424
0.0 0
50.0 1.0817869
0.0 0
0.0 0
0.0 0
0.0 0
55.0 22.428576
0.0 0
0.0 0
58.0 17.030382
0.0 0
60.0 7.8089867
0.0 0
0.0 0
0.0 0
0.0 0
0.0 0
0.0 0
67.0 71.99652
0.0 0
69.0 57.37115
0.0 0
0.0 0
72.0 49.241627
0.0 0
74.0 26.969486
0.0 0
0.0 0
0.0 0
0.0 0
79.0 77.160675
0.0 0
81.0 76.4575
0.0 0
83.0 64.164734
0.0 0
85.0 58.319874
0.0 0
0.0 0
88.0 45.30374
0.0 0
90.0 77.71589
0.0 0
92.0 31.275688
0.0 0
94.0 30.380333
0.0 0
96.0 29.712168
0.0 0
98.0 66.784454
0.0 0
1.0 52.86528
0.0 0
0.0 0
4.0 33.756325
0.0 0
6.0 0.85004693
0.0 0
0.0 0
0.0 0
0.0 0
0.0 0
0.0 0
0.0 0
0.0 0
15.0 108.68734
0.0 0
0.0 0
18.0 7.325168
0.0 0
20.0 1.0608807
0.0 0
0.0 0
0.0 0
24.0 1.3473026
0.0 0
0.0 0
0.0 0
28.0 2.5856485
0.0 0
30.0 19.205824
0.0 0
32.0 39.622818
0.0 0
0.0 0
0.0 0
0.0 0
0.0 0
0.0 0
39.0 78.18288
0.0 0
41.0 3.458967
0.0 0
43.0 0.0042821416
0.0 0
0.0 0
46.0 0.21011542
0.0 0
48.0 0.17471962
0.0 0
50.0 0.29652297
0.0 0
52.0 0.306008
0.0 0
0.0 0
55.0 3.8540435
0.0 0
57.0 11.940901
0.0 0
0.0 0
60.0 27.023582
0.0 0
0.0 0
63.0 13.111005
0.0 0
65.0 45.991737
0.0 0
0.0 0
68.0 57.15292
0.0 0
70.0 38.783165
0.0 0
72.0 65.675995
0.0 0
74.0 58.2772
0.0 0
0.0 0
77.0 71.4299
0.0 0
79.0 57.19662
0.0 0
0.0 0
82.0 91.0229
0.0 0
0.0 0
85.0 67.65792
0.0 0
87.0 69.25334
0.0 0
89.0 69.94744
0.0 0
0.0 0
92.0 47.35039
0.0 0
0.0 0
95.0 68.275955
0.0 0
0.0 0
98.0 72.059006
0.0 0
1.0 0.58341146
0.0 0
3.0 0.26838973
0.0 0
0.0 0
6.0 0.10010967
0.0 0
0.0 0
0.0 0
0.0 0
0.0 0
0.0 0
0.0 0
0.0 0
15.0 109.46766
0.0 0
0.0 0
0.0 0
19.0 9.229572
0.0 0
21.0 7.976029
0.0 0
23.0 0.24603045
0.0 0
0.0 0
0.0 0
0.0 0
0.0 0
0.0 0
0.0 0
31.0 77.55
0.0 0
0.0 0
0.0 0
0.0 0
0.0 0
37.0 80.21874
0.0 0
39.0 49.09019
0.0 0
41.0 3.6518326
0.0 0
0.0 0
44.0 0.048220266
0.0 0
0.0 0
0.0 0
48.0 0.52300334
0.0 0
0.0 0
51.0 0.1976678
0.0 0
0.0 0
0.0 0
55.0 1.4533081
0.0 0
0.0 0
0.0 0
59.0 10.42666
0.0 0
0.0 0
0.0 0
63.0 42.989834
0.0 0
65.0 22.78034
0.0 0
67.0 50.884285
0.0 0
0.0 0
0.0 0
0.0 0
72.0 44.87752
0.0 0
74.0 35.907406
0.0 0
0.0 0
0.0 0
78.0 71.55645
0.0 0
0.0 0
81.0 72.245995
0.0 0
0.0 0
84.0 71.90258
0.0 0
86.0 60.692623
0.0 0
0.0 0
89.0 47.505657
0.0 0
0.0 0
92.0 35.00165
0.0 0
0.0 0
0.0 0
0.0 0
97.0 86.87471
0.0 0
99.0 44.556572
0.0 0
0.0 0
0.0 0
0.0 0
0.0 0
0.0 0
0.0 0
0.0 0
0.0 0
0.0 0
0.0 0
0.0 0
0.0 0
0.0 0
0.0 0
0.0 0
0.0 0
0.0 0
0.0 0
0.0 0
0.0 0
0.0 0
0.0 0
0.0 0
0.0 0
0.0 0
0.0 0
0.0 0
0.0 0
0.0 0
0.0 0
0.0 0
0.0 0
0.0 0
0.0 0
0.0 0
0.0 0
0.0 0
0.0 0
0.0 0
0.0 0
0.0 0
0.0 0
0.0 0
0.0 0
0.0 0
0.0 0
0.0 0
0.0 0
0.0 0
0.0 0
0.0 0
0.0 0
0.0 0
0.0 0
0.0 0
0.0 0
0.0 0
0.0 0
0.0 0
0.0 0
0.0 0
0.0 0
0.0 0
0.0 0
0.0 0
0.0 0
0.0 0
0.0 0
0.0 0
0.0 0
0.0 0
0.0 0
0.0 0
0.0 0
0.0 0
0.0 0
0.0 0
0.0 0
0.0 0
0.0 0
0.0 0
0.0 0
0.0 0
0.0 0
0.0 0
0.0 0
0.0 0
0.0 0
0.0 0
0.0 0
0.0 0
0.0 0
0.0 0
0.0 0
0.0 0
0.0 0
0.0 0
0.0 0
0.0 0
0.0 0
0.0 0
0.0 0
0.0 0
0.0 0
0.0 0
0.0 0
0.0 0
0.0 0
0.0 0
0.0 0
0.0 0
0.0 0
0.0 0
0.0 0
0.0 0
0.0 0
0.0 0
0.0 0
0.0 0
0.0 0
0.0 0
0.0 0
0.0 0
0.0 0
0.0 0
0.0 0
0.0 0
0.0 0
0.0 0
0.0 0
0.0 0
0.0 0
0.0 0
0.0 0
0.0 0
0.0 0
0.0 0
0.0 0
0.0 0
0.0 0
0.0 0
0.0 0
0.0 0
0.0 0
0.0 0
0.0 0
0.0 0
0.0 0
0.0 0
0.0 0
0.0 0
0.0 0
0.0 0
0.0 0
0.0 0
0.0 0
0.0 0
0.0 0
0.0 0
0.0 0
0.0 0
0.0 0
0.0 0
0.0 0
0.0 0
0.0 0
0.0 0
0.0 0
0.0 0
0.0 0
0.0 0
0.0 0
0.0 0
0.0 0
0.0 0
0.0 0
0.0 0
0.0 0
0.0 0
0.0 0
0.0 0
0.0 0
0.0 0
0.0 0
0.0 0
0.0 0
0.0 0
0.0 0
0.0 0
0.0 0
0.0 0
0.0 0
0.0 0
0.0 0
0.0 0
0.0 0
0.0 0
