0.0 0
0.0 0
3.0 12.259519
0.0 0
0.0 0
0.0 0
0.0 0
0.0 0
0.0 0
0.0 0
0.0 0
12.0 17.13531
0.0 0
14.0 13.062974
0.0 0
0.0 0
17.0 9.360004
0.0 0
19.0 10.495433
0.0 0
21.0 9.4708605
0.0 0
0.0 0
24.0 12.130019
0.0 0
0.0 0
0.0 0
0.0 0
29.0 15.139442
0.0 0
31.0 9.725372
0.0 0
33.0 12.983071
0.0 0
35.0 14.964357
0.0 0
0.0 0
38.0 11.176454
0.0 0
40.0 7.8102365
0.0 0
0.0 0
43.0 10.052712
0.0 0
0.0 0
0.0 0
47.0 11.641493
0.0 0
0.0 0
50.0 7.082171
0.0 0
0.0 0
0.0 0
0.0 0
55.0 11.067828
0.0 0
0.0 0
58.0 13.526452
0.0 0
60.0 8.045079
0.0 0
0.0 0
0.0 0
0.0 0
0.0 0
66.0 15.545892
0.0 0
68.0 14.213683
0.0 0
0.0 0
71.0 15.31152
0.0 0
73.0 14.465657
0.0 0
0.0 0
76.0 9.947675
0.0 0
78.0 14.629792
0.0 0
0.0 0
81.0 12.939717
0.0 0
83.0 12.259526
0.0 0
85.0 7.994254
0.0 0
87.0 11.728576
0.0 0
89.0 7.9534974
0.0 0
0.0 0
92.0 12.360308
0.0 0
0.0 0
0.0 0
96.0 13.537995
0.0 0
98.0 9.544163
0.0 0
1.0 4.853812
0.0 0
3.0 2.2538655
0.0 0
0.0 0
0.0 0
0.0 0
0.0 0
0.0 0
0.0 0
0.0 0
12.0 16.757132
0.0 0
14.0 0.34672523
0.0 0
0.0 0
17.0 0.3881636
0.0 0
19.0 0.12283377
0.0 0
21.0 0.29243737
0.0 0
0.0 0
24.0 7.73827
0.0 0
26.0 5.5877743
0.0 0
0.0 0
29.0 13.899181
0.0 0
31.0 0.16713297
0.0 0
33.0 6.0481224
0.0 0
35.0 8.8097105
0.0 0
0.0 0
38.0 4.7743726
0.0 0
40.0 0.071929514
0.0 0
0.0 0
43.0 0.20193319
0.0 0
0.0 0
0.0 0
0.0 0
48.0 0.2582714
0.0 0
0.0 0
51.0 0.017132621
0.0 0
53.0 0.3441928
0.0 0
55.0 0.45771357
0.0 0
0.0 0
58.0 4.6365533
0.0 0
0.0 0
61.0 0.4809561
0.0 0
0.0 0
0.0 0
0.0 0
66.0 13.33358
0.0 0
0.0 0
69.0 13.321742
0.0 0
71.0 13.062967
0.0 0
73.0 7.789701
0.0 0
0.0 0
0.0 0
0.0 0
0.0 0
79.0 5.7022686
0.0 0
81.0 5.4737964
0.0 0
83.0 0.8437863
0.0 0
0.0 0
0.0 0
87.0 3.585091
0.0 0
89.0 0.09639547
0.0 0
91.0 0.64348006
0.0 0
0.0 0
94.0 4.3851085
0.0 0
96.0 6.090235
0.0 0
98.0 0.12436129
0.0 0
1.0 0.29684
0.0 0
3.0 0.31387362
0.0 0
5.0 2.3880734
0.0 0
0.0 0
0.0 0
0.0 0
10.0 16.381918
0.0 0
0.0 0
13.0 16.203476
0.0 0
0.0 0
0.0 0
0.0 0
18.0 0.48095533
0.0 0
0.0 0
21.0 7.881982
0.0 0
0.0 0
24.0 9.6893635
0.0 0
26.0 10.148052
0.0 0
0.0 0
29.0 15.363529
0.0 0
0.0 0
0.0 0
33.0 13.136029
0.0 0
35.0 6.227292
0.0 0
0.0 0
38.0 7.229048
0.0 0
0.0 0
41.0 0.84656656
0.0 0
0.0 0
44.0 0.0065365927
0.0 0
0.0 0
0.0 0
48.0 0.37028128
0.0 0
50.0 0.008853269
0.0 0
52.0 0.030495916
0.0 0
0.0 0
55.0 0.47588965
0.0 0
0.0 0
0.0 0
59.0 3.0608184
0.0 0
61.0 1.2542595
0.0 0
0.0 0
64.0 1.9687299
0.0 0
66.0 15.287792
0.0 0
0.0 0
69.0 15.779855
0.0 0
71.0 11.075627
0.0 0
73.0 1.75345
0.0 0
0.0 0
76.0 4.1215024
0.0 0
78.0 9.956465
0.0 0
80.0 5.268066
0.0 0
0.0 0
83.0 2.7456713
0.0 0
85.0 0.089671835
0.0 0
0.0 0
0.0 0
89.0 5.5462675
0.0 0
91.0 0.27333525
0.0 0
0.0 0
94.0 1.0283662
0.0 0
96.0 8.535851
0.0 0
98.0 1.2387666
0.0 0
0.0 0
0.0 0
3.0 0.3531315
0.0 0
5.0 0.11884132
0.0 0
0.0 0
0.0 0
0.0 0
10.0 16.141966
0.0 0
0.0 0
13.0 16.549456
0.0 0
0.0 0
16.0 0.05290625
0.0 0
18.0 0.3636011
0.0 0
0.0 0
0.0 0
0.0 0
0.0 0
24.0 14.122687
0.0 0
26.0 6.9875026
0.0 0
28.0 8.237011
0.0 0
0.0 0
0.0 0
32.0 7.124185
0.0 0
0.0 0
35.0 2.5761364
0.0 0
0.0 0
0.0 0
39.0 0.5806259
0.0 0
41.0 1.0787288
0.0 0
43.0 0.010098657
0.0 0
0.0 0
0.0 0
0.0 0
48.0 0.19495668
0.0 0
0.0 0
0.0 0
0.0 0
0.0 0
54.0 0.1830803
0.0 0
0.0 0
0.0 0
58.0 0.91267556
0.0 0
0.0 0
61.0 3.9020584
0.0 0
63.0 8.614615
0.0 0
0.0 0
66.0 15.415282
0.0 0
68.0 12.700185
0.0 0
0.0 0
71.0 11.329283
0.0 0
73.0 0.71460617
0.0 0
0.0 0
0.0 0
77.0 5.598171
0.0 0
79.0 3.5679288
0.0 0
0.0 0
82.0 0.65451545
0.0 0
84.0 0.4577129
0.0 0
86.0 0.011621348
0.0 0
0.0 0
0.0 0
90.0 4.903715
0.0 0
0.0 0
0.0 0
94.0 0.9768783
0.0 0
96.0 12.040191
0.0 0
98.0 0.4339148
0.0 0
0.0 0
0.0 0
3.0 0.8747804
0.0 0
5.0 0.39381725
0.0 0
0.0 0
0.0 0
9.0 15.3823805
0.0 0
11.0 14.925024
0.0 0
13.0 17.168125
0.0 0
0.0 0
16.0 0.45609137
0.0 0
18.0 0.50700444
0.0 0
0.0 0
0.0 0
0.0 0
0.0 0
24.0 15.688689
0.0 0
26.0 7.500336
0.0 0
28.0 13.624066
0.0 0
0.0 0
0.0 0
0.0 0
33.0 4.9738894
0.0 0
35.0 9.671318
0.0 0
0.0 0
38.0 3.5252385
0.0 0
0.0 0
41.0 1.1563995
0.0 0
0.0 0
44.0 0.011374573
0.0 0
0.0 0
0.0 0
48.0 0.12957633
0.0 0
50.0 0.016783994
0.0 0
0.0 0
0.0 0
54.0 3.7153084
0.0 0
0.0 0
57.0 0.26420674
0.0 0
0.0 0
0.0 0
61.0 5.268066
0.0 0
0.0 0
64.0 10.344471
0.0 0
66.0 14.256182
0.0 0
68.0 14.95945
0.0 0
0.0 0
71.0 14.128064
0.0 0
0.0 0
74.0 0.50700355
0.0 0
0.0 0
0.0 0
0.0 0
79.0 6.417382
0.0 0
0.0 0
82.0 0.73649585
0.0 0
84.0 0.084815055
0.0 0
86.0 0.11737423
0.0 0
0.0 0
89.0 1.3424331
0.0 0
91.0 1.0994596
0.0 0
0.0 0
94.0 1.0856049
0.0 0
96.0 13.543761
0.0 0
98.0 0.013629314
0.0 0
0.0 0
0.0 0
3.0 0.8521453
0.0 0
5.0 0.73649824
0.0 0
0.0 0
0.0 0
0.0 0
10.0 15.1008005
0.0 0
0.0 0
13.0 17.241732
0.0 0
0.0 0
16.0 0.079847045
0.0 0
0.0 0
0.0 0
20.0 0.20430805
0.0 0
0.0 0
0.0 0
24.0 15.811591
0.0 0
26.0 11.735793
0.0 0
28.0 3.1551316
0.0 0
0.0 0
0.0 0
0.0 0
33.0 3.099888
0.0 0
0.0 0
36.0 1.7228537
0.0 0
38.0 2.1075764
0.0 0
40.0 2.7456746
0.0 0
42.0 0.16580641
0.0 0
44.0 0.003919894
0.0 0
0.0 0
0.0 0
48.0 0.08777525
0.0 0
50.0 2.0847135E-4
0.0 0
52.0 0.13776185
0.0 0
54.0 3.4913168
0.0 0
0.0 0
57.0 0.8577548
0.0 0
0.0 0
60.0 4.7151093
0.0 0
62.0 3.83925
0.0 0
64.0 1.7432003
0.0 0
0.0 0
67.0 14.890469
0.0 0
69.0 9.938869
0.0 0
71.0 13.970683
0.0 0
0.0 0
74.0 0.48606926
0.0 0
0.0 0
0.0 0
78.0 5.105103
0.0 0
80.0 0.36359987
0.0 0
0.0 0
83.0 0.94890183
0.0 0
0.0 0
86.0 8.702736
0.0 0
88.0 0.5648025
0.0 0
90.0 1.0185378
0.0 0
92.0 0.23659874
0.0 0
94.0 0.57862616
0.0 0
96.0 13.714903
0.0 0
0.0 0
0.0 0
0.0 0
0.0 0
0.0 0
4.0 0.7439253
0.0 0
0.0 0
0.0 0
0.0 0
0.0 0
10.0 15.032815
0.0 0
0.0 0
13.0 17.057098
0.0 0
15.0 0.17950286
0.0 0
17.0 0.43546727
0.0 0
19.0 0.26924446
0.0 0
0.0 0
0.0 0
0.0 0
24.0 15.221061
0.0 0
0.0 0
0.0 0
28.0 11.634191
0.0 0
0.0 0
31.0 0.883403
0.0 0
33.0 3.3410988
0.0 0
35.0 5.442809
0.0 0
37.0 2.0199337
0.0 0
0.0 0
40.0 0.3557237
0.0 0
42.0 0.19267999
0.0 0
44.0 0.012000529
0.0 0
0.0 0
47.0 0.002540717
0.0 0
49.0 0.015612889
0.0 0
51.0 0.09082708
0.0 0
53.0 0.001352025
0.0 0
0.0 0
0.0 0
57.0 2.21659
0.0 0
0.0 0
60.0 0.17459945
0.0 0
62.0 0.75392926
0.0 0
64.0 2.460713
0.0 0
0.0 0
67.0 16.15517
0.0 0
69.0 3.830319
0.0 0
71.0 10.411864
0.0 0
0.0 0
74.0 1.0651004
0.0 0
0.0 0
0.0 0
78.0 1.9020593
0.0 0
0.0 0
81.0 0.049418908
0.0 0
0.0 0
84.0 1.667878
0.0 0
0.0 0
0.0 0
88.0 0.724266
0.0 0
90.0 0.056865778
0.0 0
92.0 0.28594282
0.0 0
0.0 0
0.0 0
96.0 14.079533
0.0 0
0.0 0
0.0 0
1.0 1.4576775
0.0 0
0.0 0
4.0 3.466002
0.0 0
0.0 0
0.0 0
0.0 0
0.0 0
0.0 0
0.0 0
0.0 0
13.0 16.592089
0.0 0
0.0 0
0.0 0
17.0 0.32450414
0.0 0
0.0 0
20.0 0.3081033
0.0 0
0.0 0
0.0 0
24.0 13.309892
0.0 0
26.0 0.8862917
0.0 0
28.0 13.327668
0.0 0
30.0 0.3001791
0.0 0
0.0 0
33.0 1.6580378
0.0 0
35.0 1.1276238
0.0 0
0.0 0
0.0 0
39.0 0.75644815
0.0 0
0.0 0
42.0 0.28274348
0.0 0
0.0 0
45.0 6.7847877E-6
0.0 0
47.0 3.8817157E-5
0.0 0
49.0 0.0370722
0.0 0
0.0 0
0.0 0
53.0 0.017940577
0.0 0
0.0 0
0.0 0
57.0 0.26221517
0.0 0
59.0 0.03759954
0.0 0
61.0 0.2838062
0.0 0
0.0 0
64.0 2.1555107
0.0 0
0.0 0
67.0 15.605999
0.0 0
0.0 0
0.0 0
71.0 8.367172
0.0 0
73.0 3.4240544
0.0 0
0.0 0
0.0 0
0.0 0
78.0 0.9519757
0.0 0
80.0 0.18672088
0.0 0
82.0 0.5687232
0.0 0
84.0 0.0874001
0.0 0
0.0 0
0.0 0
88.0 8.206844
0.0 0
0.0 0
91.0 0.7514153
0.0 0
0.0 0
94.0 0.2692449
0.0 0
96.0 13.584012
0.0 0
0.0 0
99.0 1.8001676
0.0 0
0.0 0
3.0 6.681585
0.0 0
5.0 1.2897227
0.0 0
7.0 4.4810996
0.0 0
9.0 14.052446
0.0 0
11.0 15.825165
0.0 0
13.0 14.959447
0.0 0
0.0 0
16.0 0.12746702
0.0 0
18.0 0.4946976
0.0 0
0.0 0
21.0 0.5927466
0.0 0
0.0 0
24.0 13.415965
0.0 0
26.0 3.2110188
0.0 0
28.0 9.106783
0.0 0
30.0 6.121841
0.0 0
0.0 0
33.0 0.924617
0.0 0
35.0 0.24675407
0.0 0
0.0 0
38.0 1.4754264
0.0 0
0.0 0
41.0 0.03184314
0.0 0
43.0 4.3007275E-4
0.0 0
45.0 6.9528323E-6
0.0 0
47.0 2.1203768E-6
0.0 0
49.0 0.20994379
0.0 0
51.0 0.058942206
0.0 0
0.0 0
0.0 0
55.0 0.061358895
0.0 0
57.0 0.5232242
0.0 0
0.0 0
60.0 2.1254568
0.0 0
62.0 1.025083
0.0 0
64.0 11.191858
0.0 0
0.0 0
67.0 14.710776
0.0 0
0.0 0
0.0 0
71.0 7.500331
0.0 0
73.0 4.5294385
0.0 0
75.0 0.028500827
0.0 0
0.0 0
78.0 0.81106526
0.0 0
80.0 0.13443403
0.0 0
82.0 1.3219495
0.0 0
84.0 0.0014566852
0.0 0
0.0 0
0.0 0
0.0 0
89.0 5.6814094
0.0 0
91.0 0.58262897
0.0 0
0.0 0
94.0 0.5609065
0.0 0
96.0 12.839733
0.0 0
0.0 0
99.0 2.8853369
0.0 0
0.0 0
3.0 8.407026
0.0 0
0.0 0
6.0 0.14699757
0.0 0
0.0 0
9.0 14.486334
0.0 0
11.0 15.766227
0.0 0
13.0 13.998024
0.0 0
0.0 0
16.0 0.1780895
0.0 0
18.0 0.76150686
0.0 0
0.0 0
21.0 0.2384174
0.0 0
0.0 0
24.0 14.73091
0.0 0
26.0 6.364555
0.0 0
28.0 7.1031775
0.0 0
0.0 0
0.0 0
0.0 0
33.0 10.259558
0.0 0
35.0 1.3260286
0.0 0
0.0 0
38.0 0.15490204
0.0 0
40.0 0.020468475
0.0 0
0.0 0
43.0 0.006279771
0.0 0
45.0 1.25607285E-5
0.0 0
0.0 0
0.0 0
49.0 0.033721603
0.0 0
0.0 0
52.0 0.010209113
0.0 0
0.0 0
0.0 0
56.0 0.4417243
0.0 0
0.0 0
0.0 0
60.0 5.227178
0.0 0
62.0 2.5213404
0.0 0
64.0 6.2272825
0.0 0
66.0 11.374601
0.0 0
68.0 0.81374794
0.0 0
0.0 0
71.0 5.598161
0.0 0
0.0 0
74.0 8.176617
0.0 0
0.0 0
77.0 0.20751126
0.0 0
79.0 2.8259509
0.0 0
0.0 0
82.0 0.09437253
0.0 0
84.0 4.5043527E-4
0.0 0
0.0 0
0.0 0
0.0 0
89.0 2.1920016
0.0 0
0.0 0
92.0 0.08445133
0.0 0
94.0 0.79512477
0.0 0
96.0 12.518971
0.0 0
0.0 0
99.0 1.5715864
0.0 0
0.0 0
0.0 0
4.0 0.7615092
0.0 0
6.0 0.34293154
0.0 0
0.0 0
9.0 14.144183
0.0 0
0.0 0
12.0 15.825165
0.0 0
14.0 0.031539354
0.0 0
16.0 0.4826552
0.0 0
18.0 0.0297696
0.0 0
20.0 1.0684928
0.0 0
0.0 0
0.0 0
24.0 15.793467
0.0 0
0.0 0
0.0 0
0.0 0
0.0 0
0.0 0
0.0 0
0.0 0
33.0 16.920341
0.0 0
35.0 2.659941
0.0 0
37.0 0.38119817
0.0 0
0.0 0
0.0 0
41.0 0.008659538
0.0 0
43.0 1.0294317E-4
0.0 0
45.0 1.01972255E-5
0.0 0
0.0 0
0.0 0
0.0 0
50.0 0.0015580306
0.0 0
52.0 0.0020823944
0.0 0
0.0 0
55.0 0.45933938
0.0 0
57.0 0.05510217
0.0 0
59.0 0.32690862
0.0 0
0.0 0
62.0 2.310673
0.0 0
0.0 0
0.0 0
66.0 11.560843
0.0 0
0.0 0
0.0 0
0.0 0
71.0 8.287192
0.0 0
0.0 0
0.0 0
75.0 6.575921
0.0 0
77.0 0.33792856
0.0 0
79.0 0.37844378
0.0 0
0.0 0
82.0 0.22334848
0.0 0
84.0 8.2863425E-4
0.0 0
0.0 0
0.0 0
0.0 0
0.0 0
90.0 8.741727
0.0 0
92.0 0.023774745
0.0 0
0.0 0
0.0 0
96.0 13.220425
0.0 0
0.0 0
0.0 0
1.0 0.24301767
0.0 0
0.0 0
4.0 1.5160308
0.0 0
6.0 0.1417374
0.0 0
0.0 0
9.0 13.871518
0.0 0
0.0 0
12.0 15.951104
0.0 0
0.0 0
0.0 0
16.0 3.5422785
0.0 0
18.0 0.004341816
0.0 0
20.0 0.4156702
0.0 0
0.0 0
0.0 0
24.0 14.2932
0.0 0
0.0 0
0.0 0
28.0 12.889885
0.0 0
30.0 11.575563
0.0 0
0.0 0
33.0 17.85941
0.0 0
35.0 12.700179
0.0 0
0.0 0
38.0 0.35833278
0.0 0
0.0 0
41.0 0.11166493
0.0 0
43.0 5.6525107E-5
0.0 0
45.0 3.7673936E-4
0.0 0
0.0 0
0.0 0
0.0 0
50.0 0.013773515
0.0 0
0.0 0
0.0 0
0.0 0
55.0 0.7026876
0.0 0
0.0 0
0.0 0
59.0 2.095724
0.0 0
0.0 0
62.0 0.37298506
0.0 0
0.0 0
0.0 0
66.0 13.050731
0.0 0
0.0 0
0.0 0
0.0 0
71.0 11.276106
0.0 0
0.0 0
0.0 0
75.0 7.082171
0.0 0
77.0 0.3825824
0.0 0
79.0 1.1527658
0.0 0
0.0 0
82.0 0.44172356
0.0 0
84.0 0.003365528
0.0 0
0.0 0
87.0 0.013629348
0.0 0
0.0 0
90.0 6.6815896
0.0 0
0.0 0
93.0 0.10754658
0.0 0
0.0 0
96.0 12.93972
0.0 0
98.0 0.22681612
0.0 0
1.0 4.6855874
0.0 0
3.0 0.30924892
0.0 0
5.0 2.9989877
0.0 0
0.0 0
0.0 0
9.0 13.327668
0.0 0
0.0 0
12.0 14.969263
0.0 0
0.0 0
15.0 0.6545144
0.0 0
17.0 0.0017563553
0.0 0
0.0 0
20.0 0.039221466
0.0 0
0.0 0
23.0 9.974035
0.0 0
25.0 4.3660293
0.0 0
27.0 12.939717
0.0 0
0.0 0
30.0 13.658246
0.0 0
0.0 0
33.0 15.847755
0.0 0
35.0 11.97741
0.0 0
0.0 0
38.0 1.5435978
0.0 0
0.0 0
41.0 0.13279705
0.0 0
43.0 0.0029365434
0.0 0
45.0 0.06443174
0.0 0
0.0 0
0.0 0
0.0 0
50.0 0.087775424
0.0 0
0.0 0
0.0 0
0.0 0
55.0 0.2902578
0.0 0
0.0 0
58.0 3.7065525
0.0 0
0.0 0
0.0 0
62.0 1.0449232
0.0 0
0.0 0
0.0 0
66.0 12.577665
0.0 0
0.0 0
0.0 0
0.0 0
71.0 8.14634
0.0 0
0.0 0
74.0 6.8610606
0.0 0
76.0 12.061011
0.0 0
0.0 0
79.0 0.53057706
0.0 0
0.0 0
82.0 0.3557237
0.0 0
84.0 0.04874622
0.0 0
0.0 0
0.0 0
0.0 0
0.0 0
0.0 0
91.0 6.3539867
0.0 0
93.0 0.09558194
0.0 0
0.0 0
96.0 11.523925
0.0 0
98.0 0.14405413
0.0 0
0.0 0
0.0 0
3.0 1.1746947
0.0 0
5.0 0.059206575
0.0 0
0.0 0
0.0 0
0.0 0
0.0 0
0.0 0
0.0 0
13.0 13.948748
0.0 0
0.0 0
16.0 3.2937055E-4
0.0 0
0.0 0
19.0 8.286397E-4
0.0 0
21.0 1.2817702
0.0 0
23.0 11.670617
0.0 0
0.0 0
0.0 0
27.0 14.68049
0.0 0
0.0 0
30.0 14.791064
0.0 0
0.0 0
0.0 0
34.0 13.877055
0.0 0
36.0 3.1472013
0.0 0
38.0 0.061085995
0.0 0
40.0 0.027015539
0.0 0
42.0 0.19117384
0.0 0
44.0 0.0011625214
0.0 0
46.0 0.005095272
0.0 0
0.0 0
0.0 0
50.0 0.17459881
0.0 0
52.0 4.401454E-4
0.0 0
0.0 0
55.0 1.138342
0.0 0
0.0 0
58.0 8.565441
0.0 0
0.0 0
61.0 0.25245407
0.0 0
0.0 0
0.0 0
0.0 0
66.0 14.245573
0.0 0
0.0 0
0.0 0
0.0 0
71.0 4.9940047
0.0 0
73.0 1.5668918
0.0 0
0.0 0
0.0 0
77.0 1.6531333
0.0 0
79.0 0.54745394
0.0 0
81.0 0.056356676
0.0 0
83.0 0.012194135
0.0 0
0.0 0
0.0 0
0.0 0
88.0 0.12032515
0.0 0
0.0 0
91.0 2.5899754
0.0 0
93.0 0.03184321
0.0 0
0.0 0
96.0 11.864606
0.0 0
0.0 0
0.0 0
0.0 0
2.0 3.00667
0.0 0
4.0 0.015212683
0.0 0
6.0 0.83825487
0.0 0
0.0 0
0.0 0
0.0 0
0.0 0
0.0 0
13.0 15.856777
0.0 0
15.0 7.488898E-4
0.0 0
17.0 6.325963E-4
0.0 0
19.0 0.003600251
0.0 0
21.0 1.9856895
0.0 0
23.0 14.234958
0.0 0
0.0 0
0.0 0
27.0 14.583928
0.0 0
29.0 12.655259
0.0 0
0.0 0
0.0 0
33.0 9.770205
0.0 0
0.0 0
36.0 3.7416766
0.0 0
38.0 0.0028820036
0.0 0
40.0 0.5968388
0.0 0
42.0 0.0018514625
0.0 0
0.0 0
0.0 0
0.0 0
47.0 0.0014082543
0.0 0
49.0 7.7655504E-4
0.0 0
51.0 0.27026212
0.0 0
53.0 0.029483475
0.0 0
0.0 0
0.0 0
57.0 4.2147417
0.0 0
0.0 0
60.0 0.050099622
0.0 0
62.0 0.09517673
0.0 0
0.0 0
0.0 0
66.0 17.180416
0.0 0
68.0 0.47421157
0.0 0
70.0 4.519754
0.0 0
0.0 0
0.0 0
74.0 1.0650971
0.0 0
0.0 0
0.0 0
78.0 9.172927
0.0 0
0.0 0
81.0 4.0844984
0.0 0
83.0 0.049418908
0.0 0
0.0 0
0.0 0
87.0 0.006101859
0.0 0
89.0 0.21240233
0.0 0
91.0 0.5806259
0.0 0
93.0 0.24394704
0.0 0
0.0 0
96.0 11.677885
0.0 0
0.0 0
99.0 0.3505583
0.0 0
2.0 7.134683
0.0 0
0.0 0
0.0 0
6.0 2.7097223
0.0 0
0.0 0
0.0 0
0.0 0
0.0 0
12.0 14.735939
0.0 0
14.0 0.034697294
0.0 0
0.0 0
17.0 8.565441
0.0 0
0.0 0
0.0 0
21.0 4.8837385
0.0 0
23.0 12.505871
0.0 0
0.0 0
26.0 10.052715
0.0 0
0.0 0
29.0 12.584159
0.0 0
31.0 9.580643
0.0 0
33.0 13.652562
0.0 0
0.0 0
36.0 7.176654
0.0 0
38.0 0.023423927
0.0 0
40.0 1.5436
0.0 0
0.0 0
43.0 0.018032452
0.0 0
45.0 8.641423E-6
0.0 0
0.0 0
48.0 1.5879514E-4
0.0 0
0.0 0
0.0 0
52.0 0.3557243
0.0 0
0.0 0
55.0 1.4576796
0.0 0
57.0 1.8586143
0.0 0
59.0 0.02948341
0.0 0
61.0 0.039776128
0.0 0
0.0 0
0.0 0
0.0 0
66.0 17.448587
0.0 0
0.0 0
69.0 0.60095173
0.0 0
71.0 4.1215024
0.0 0
73.0 4.112235
0.0 0
75.0 0.17529231
0.0 0
0.0 0
0.0 0
79.0 0.06616503
0.0 0
81.0 0.024130113
0.0 0
83.0 0.91862744
0.0 0
0.0 0
0.0 0
87.0 0.04206381
0.0 0
89.0 0.28487298
0.0 0
91.0 0.11737398
0.0 0
0.0 0
0.0 0
0.0 0
96.0 9.823766
0.0 0
0.0 0
99.0 0.1125987
0.0 0
0.0 0
3.0 8.075517
0.0 0
0.0 0
0.0 0
0.0 0
8.0 1.3631775
0.0 0
0.0 0
11.0 13.503314
0.0 0
13.0 13.98163
0.0 0
0.0 0
16.0 8.327231
0.0 0
18.0 0.5907103
0.0 0
0.0 0
21.0 2.9531803
0.0 0
23.0 12.808233
0.0 0
0.0 0
0.0 0
27.0 14.117302
0.0 0
0.0 0
30.0 12.102483
0.0 0
32.0 14.665311
0.0 0
0.0 0
0.0 0
36.0 4.8837337
0.0 0
38.0 0.17808981
0.0 0
40.0 0.0034918066
0.0 0
0.0 0
43.0 0.076458864
0.0 0
45.0 1.430761E-4
0.0 0
0.0 0
0.0 0
0.0 0
0.0 0
0.0 0
0.0 0
53.0 0.21571817
0.0 0
55.0 0.14347182
0.0 0
57.0 0.41866243
0.0 0
59.0 0.06163274
0.0 0
0.0 0
0.0 0
63.0 0.26520708
0.0 0
0.0 0
66.0 18.098839
0.0 0
0.0 0
69.0 0.16981374
0.0 0
71.0 2.0314567
0.0 0
0.0 0
74.0 0.6197738
0.0 0
0.0 0
0.0 0
0.0 0
79.0 0.12232832
0.0 0
81.0 0.13945381
0.0 0
83.0 0.79776174
0.0 0
85.0 0.18164195
0.0 0
0.0 0
0.0 0
0.0 0
0.0 0
91.0 0.16846986
0.0 0
93.0 0.0573786
0.0 0
0.0 0
96.0 12.597139
0.0 0
0.0 0
99.0 0.20510489
0.0 0
0.0 0
3.0 7.9738836
0.0 0
0.0 0
0.0 0
7.0 2.0430229
0.0 0
0.0 0
0.0 0
0.0 0
0.0 0
13.0 14.583925
0.0 0
15.0 11.523925
0.0 0
0.0 0
0.0 0
19.0 2.1135242
0.0 0
0.0 0
0.0 0
23.0 10.854443
0.0 0
0.0 0
0.0 0
27.0 10.8464365
0.0 0
29.0 10.668537
0.0 0
0.0 0
32.0 13.899179
0.0 0
0.0 0
0.0 0
36.0 4.0476613
0.0 0
38.0 1.3884302
0.0 0
40.0 0.018217366
0.0 0
0.0 0
43.0 0.107997194
0.0 0
45.0 1.3456026E-4
0.0 0
0.0 0
48.0 2.7162048E-6
0.0 0
50.0 1.6464946E-5
0.0 0
0.0 0
53.0 0.00925233
0.0 0
0.0 0
56.0 0.20831956
0.0 0
0.0 0
59.0 2.247617
0.0 0
0.0 0
62.0 2.583049
0.0 0
0.0 0
0.0 0
66.0 18.285446
0.0 0
68.0 0.69797355
0.0 0
0.0 0
71.0 4.983937
0.0 0
73.0 2.976021
0.0 0
0.0 0
0.0 0
0.0 0
78.0 0.11166472
0.0 0
0.0 0
81.0 0.040337496
0.0 0
83.0 1.3969347
0.0 0
0.0 0
86.0 0.491231
0.0 0
0.0 0
0.0 0
0.0 0
91.0 1.4933622
0.0 0
93.0 0.11353962
0.0 0
0.0 0
96.0 12.648826
0.0 0
98.0 0.0781368
0.0 0
0.0 0
0.0 0
3.0 5.598161
0.0 0
0.0 0
6.0 3.3000975
0.0 0
0.0 0
0.0 0
0.0 0
0.0 0
0.0 0
13.0 15.964516
0.0 0
15.0 1.6336375
0.0 0
17.0 3.300094
0.0 0
0.0 0
0.0 0
21.0 6.660461
0.0 0
23.0 14.470828
0.0 0
25.0 11.044371
0.0 0
27.0 8.216902
0.0 0
29.0 7.33365
0.0 0
0.0 0
32.0 8.26714
0.0 0
0.0 0
35.0 2.002753
0.0 0
0.0 0
38.0 2.2916203
0.0 0
40.0 0.0048895497
0.0 0
0.0 0
43.0 0.016526744
0.0 0
0.0 0
46.0 0.009100819
0.0 0
0.0 0
0.0 0
0.0 0
0.0 0
52.0 3.190255E-4
0.0 0
54.0 0.66121525
0.0 0
56.0 1.1746963
0.0 0
58.0 0.14463826
0.0 0
0.0 0
0.0 0
62.0 0.549358
0.0 0
0.0 0
0.0 0
66.0 19.947937
0.0 0
68.0 5.5981665
0.0 0
70.0 5.4015617
0.0 0
0.0 0
73.0 6.7027206
0.0 0
75.0 0.07006288
0.0 0
0.0 0
78.0 0.09558194
0.0 0
0.0 0
81.0 0.006066786
0.0 0
83.0 0.16318098
0.0 0
85.0 0.06764073
0.0 0
0.0 0
88.0 0.27230775
0.0 0
0.0 0
91.0 0.8300166
0.0 0
0.0 0
0.0 0
0.0 0
96.0 8.790313
0.0 0
98.0 0.5305754
0.0 0
0.0 0
0.0 0
3.0 1.5810037
0.0 0
0.0 0
6.0 7.861508
0.0 0
0.0 0
0.0 0
0.0 0
11.0 11.735791
0.0 0
13.0 12.426802
0.0 0
0.0 0
16.0 0.41716355
0.0 0
0.0 0
0.0 0
0.0 0
21.0 2.297958
0.0 0
23.0 11.106781
0.0 0
0.0 0
26.0 8.357187
0.0 0
0.0 0
29.0 3.7769957
0.0 0
31.0 4.754585
0.0 0
33.0 10.148056
0.0 0
35.0 2.9003243
0.0 0
0.0 0
38.0 0.45609286
0.0 0
40.0 0.27333617
0.0 0
42.0 0.027681889
0.0 0
44.0 1.7210972E-5
0.0 0
0.0 0
47.0 0.009100819
0.0 0
0.0 0
0.0 0
0.0 0
0.0 0
53.0 2.4410602E-4
0.0 0
0.0 0
56.0 2.2601268
0.0 0
58.0 0.214054
0.0 0
0.0 0
0.0 0
62.0 1.1240671
0.0 0
0.0 0
0.0 0
66.0 18.897604
0.0 0
0.0 0
0.0 0
70.0 14.26148
0.0 0
72.0 3.63686
0.0 0
74.0 1.138342
0.0 0
76.0 0.0071996353
0.0 0
0.0 0
79.0 0.39954147
0.0 0
81.0 0.3257052
0.0 0
83.0 1.1347612
0.0 0
85.0 0.032304082
0.0 0
0.0 0
88.0 1.6239691
0.0 0
0.0 0
91.0 3.2513132
0.0 0
0.0 0
0.0 0
0.0 0
96.0 9.285522
0.0 0
98.0 0.06764073
0.0 0
1.0 0.022963472
0.0 0
3.0 1.5952172
0.0 0
0.0 0
6.0 2.054646
0.0 0
0.0 0
0.0 0
0.0 0
11.0 11.49427
0.0 0
13.0 15.424666
0.0 0
0.0 0
16.0 0.9737367
0.0 0
0.0 0
0.0 0
0.0 0
21.0 4.4714556
0.0 0
23.0 15.5551605
0.0 0
0.0 0
0.0 0
27.0 10.026554
0.0 0
29.0 4.843864
0.0 0
31.0 2.645844
0.0 0
33.0 5.754455
0.0 0
35.0 8.105902
0.0 0
37.0 1.4054825
0.0 0
39.0 0.0524289
0.0 0
0.0 0
42.0 0.013773448
0.0 0
44.0 0.0072404137
0.0 0
0.0 0
0.0 0
48.0 4.5741285E-4
0.0 0
50.0 3.190255E-4
0.0 0
52.0 1.932678E-4
0.0 0
0.0 0
0.0 0
56.0 2.394616
0.0 0
58.0 0.36360168
0.0 0
60.0 0.0069986614
0.0 0
62.0 0.1372027
0.0 0
0.0 0
0.0 0
66.0 17.902784
0.0 0
0.0 0
0.0 0
70.0 15.438722
0.0 0
0.0 0
73.0 2.0199418
0.0 0
75.0 0.63911206
0.0 0
0.0 0
78.0 0.45609286
0.0 0
80.0 0.24959008
0.0 0
0.0 0
83.0 1.2120341
0.0 0
85.0 6.279354E-4
0.0 0
0.0 0
0.0 0
89.0 5.08484
0.0 0
91.0 2.21659
0.0 0
0.0 0
0.0 0
0.0 0
96.0 7.779424
0.0 0
98.0 0.29794905
0.0 0
1.0 0.05387266
0.0 0
3.0 0.39381787
0.0 0
0.0 0
6.0 4.252326
0.0 0
0.0 0
0.0 0
0.0 0
11.0 11.928253
0.0 0
13.0 15.438722
0.0 0
15.0 0.32932997
0.0 0
0.0 0
18.0 0.7439242
0.0 0
20.0 2.7965648
0.0 0
0.0 0
23.0 16.412146
0.0 0
25.0 8.683201
0.0 0
27.0 4.490744
0.0 0
29.0 1.1099497
0.0 0
0.0 0
0.0 0
0.0 0
34.0 5.5462675
0.0 0
0.0 0
37.0 1.2234299
0.0 0
39.0 0.03959042
0.0 0
0.0 0
42.0 1.4709721
0.0 0
44.0 1.805902E-4
0.0 0
46.0 1.1742602E-6
0.0 0
0.0 0
49.0 2.3039285E-4
0.0 0
0.0 0
52.0 3.8040158E-5
0.0 0
0.0 0
0.0 0
56.0 0.4156702
0.0 0
0.0 0
59.0 0.4156702
0.0 0
0.0 0
62.0 0.18819554
0.0 0
0.0 0
0.0 0
66.0 17.898844
0.0 0
0.0 0
0.0 0
70.0 14.122687
0.0 0
72.0 1.7483203
0.0 0
74.0 2.1919956
0.0 0
0.0 0
0.0 0
78.0 0.44965667
0.0 0
80.0 2.7746766
0.0 0
0.0 0
0.0 0
84.0 0.28594282
0.0 0
0.0 0
0.0 0
0.0 0
89.0 0.8521441
0.0 0
91.0 6.301185
0.0 0
0.0 0
0.0 0
0.0 0
96.0 8.216911
0.0 0
0.0 0
99.0 0.6886206
0.0 0
0.0 0
3.0 2.3106759
0.0 0
5.0 3.9110675
0.0 0
7.0 0.1005561
0.0 0
0.0 0
0.0 0
0.0 0
0.0 0
13.0 14.880576
0.0 0
15.0 0.7820439
0.0 0
0.0 0
0.0 0
19.0 0.9306375
0.0 0
0.0 0
0.0 0
23.0 10.553502
0.0 0
25.0 9.841553
0.0 0
0.0 0
0.0 0
29.0 1.7844845
0.0 0
0.0 0
0.0 0
33.0 5.817191
0.0 0
35.0 0.7846443
0.0 0
0.0 0
0.0 0
0.0 0
0.0 0
41.0 6.0691776
0.0 0
43.0 2.6811914
0.0 0
0.0 0
46.0 1.6914142E-6
0.0 0
0.0 0
49.0 0.0058264593
0.0 0
51.0 9.059521E-5
0.0 0
0.0 0
0.0 0
0.0 0
56.0 0.06500501
0.0 0
0.0 0
59.0 3.0608225
0.0 0
61.0 0.6770826
0.0 0
0.0 0
0.0 0
0.0 0
66.0 17.863354
0.0 0
0.0 0
0.0 0
70.0 14.219008
0.0 0
0.0 0
0.0 0
74.0 6.016568
0.0 0
76.0 1.5472529E-4
0.0 0
78.0 1.1169918
0.0 0
80.0 1.9296184
0.0 0
82.0 0.12957609
0.0 0
84.0 0.013557719
0.0 0
0.0 0
0.0 0
0.0 0
0.0 0
0.0 0
91.0 7.943297
0.0 0
0.0 0
0.0 0
0.0 0
96.0 8.287192
0.0 0
0.0 0
99.0 0.1972583
0.0 0
0.0 0
3.0 1.1563962
0.0 0
0.0 0
6.0 1.2310781
0.0 0
0.0 0
0.0 0
0.0 0
0.0 0
0.0 0
13.0 15.08627
0.0 0
15.0 4.280616
0.0 0
0.0 0
0.0 0
19.0 0.84935063
0.0 0
0.0 0
0.0 0
23.0 10.293612
0.0 0
25.0 10.997273
0.0 0
0.0 0
0.0 0
29.0 0.57663333
0.0 0
0.0 0
0.0 0
33.0 11.800452
0.0 0
35.0 1.5069249
0.0 0
0.0 0
0.0 0
39.0 5.96401
0.0 0
41.0 4.318483
0.0 0
43.0 3.6803303
0.0 0
45.0 7.811029E-5
0.0 0
0.0 0
0.0 0
0.0 0
50.0 3.708694E-4
0.0 0
52.0 1.145609E-5
0.0 0
0.0 0
0.0 0
56.0 0.36759666
0.0 0
0.0 0
59.0 3.1156135
0.0 0
61.0 0.67937833
0.0 0
0.0 0
0.0 0
0.0 0
66.0 18.528185
0.0 0
0.0 0
0.0 0
70.0 13.692283
0.0 0
0.0 0
0.0 0
74.0 5.0545063
0.0 0
0.0 0
0.0 0
78.0 0.44015357
0.0 0
80.0 0.20590411
0.0 0
82.0 0.44330063
0.0 0
84.0 2.2660209E-4
0.0 0
0.0 0
0.0 0
0.0 0
0.0 0
0.0 0
91.0 10.660372
0.0 0
93.0 0.042852003
0.0 0
0.0 0
96.0 5.629348
0.0 0
98.0 0.27852958
0.0 0
1.0 0.15181862
0.0 0
3.0 1.2699174
0.0 0
0.0 0
6.0 0.55318445
0.0 0
0.0 0
0.0 0
0.0 0
0.0 0
0.0 0
13.0 15.471454
0.0 0
15.0 1.484371
0.0 0
0.0 0
18.0 0.6702414
0.0 0
0.0 0
21.0 8.055238
0.0 0
23.0 2.7819602
0.0 0
25.0 8.516099
0.0 0
0.0 0
28.0 0.7266973
0.0 0
30.0 0.3150393
0.0 0
32.0 7.9024453
0.0 0
0.0 0
35.0 0.47087094
0.0 0
0.0 0
38.0 9.562415
0.0 0
40.0 8.712493
0.0 0
42.0 6.966441
0.0 0
44.0 2.3880768
0.0 0
46.0 4.2491265E-5
0.0 0
48.0 3.4566954E-6
0.0 0
50.0 5.028401E-5
0.0 0
0.0 0
53.0 0.1464047
0.0 0
0.0 0
0.0 0
57.0 0.27644116
0.0 0
59.0 0.16846861
0.0 0
61.0 1.9743705
0.0 0
0.0 0
64.0 0.26221472
0.0 0
66.0 18.555012
0.0 0
0.0 0
0.0 0
70.0 12.91484
0.0 0
0.0 0
73.0 3.0530484
0.0 0
75.0 1.5389742
0.0 0
0.0 0
78.0 0.22856836
0.0 0
80.0 0.0053397436
0.0 0
82.0 0.17116997
0.0 0
84.0 1.8794235E-5
0.0 0
0.0 0
87.0 0.007322664
0.0 0
89.0 0.115923226
0.0 0
91.0 10.741736
0.0 0
0.0 0
0.0 0
0.0 0
96.0 5.2373953
0.0 0
0.0 0
99.0 1.0583385
0.0 0
0.0 0
3.0 0.9674755
0.0 0
0.0 0
6.0 0.95197856
0.0 0
0.0 0
0.0 0
0.0 0
0.0 0
0.0 0
13.0 14.920094
0.0 0
15.0 0.32450467
0.0 0
0.0 0
18.0 0.077461794
0.0 0
0.0 0
21.0 0.2848735
0.0 0
23.0 14.542964
0.0 0
25.0 5.268066
0.0 0
0.0 0
28.0 1.9240842
0.0 0
0.0 0
31.0 0.9156466
0.0 0
33.0 3.5337546
0.0 0
35.0 1.4183807
0.0 0
0.0 0
0.0 0
39.0 8.712493
0.0 0
0.0 0
0.0 0
0.0 0
44.0 5.848607
0.0 0
46.0 7.3003475E-6
0.0 0
48.0 3.4113762E-6
0.0 0
0.0 0
0.0 0
0.0 0
53.0 0.25054124
0.0 0
55.0 0.060274005
0.0 0
57.0 0.3881623
0.0 0
0.0 0
0.0 0
0.0 0
62.0 0.96435714
0.0 0
64.0 2.1736946
0.0 0
66.0 19.281149
0.0 0
0.0 0
0.0 0
0.0 0
71.0 12.952127
0.0 0
73.0 1.0382757
0.0 0
75.0 4.0476565
0.0 0
0.0 0
0.0 0
79.0 1.3757536
0.0 0
0.0 0
82.0 0.045714844
0.0 0
84.0 1.9209807E-5
0.0 0
0.0 0
87.0 0.26221472
0.0 0
89.0 0.06301849
0.0 0
91.0 3.628198
0.0 0
0.0 0
0.0 0
0.0 0
96.0 10.478779
0.0 0
0.0 0
99.0 0.27230823
0.0 0
0.0 0
3.0 0.5927466
0.0 0
0.0 0
6.0 3.715317
0.0 0
0.0 0
0.0 0
0.0 0
0.0 0
0.0 0
13.0 14.890469
0.0 0
15.0 1.8001701
0.0 0
17.0 2.3426971
0.0 0
0.0 0
20.0 1.0994581
0.0 0
0.0 0
23.0 12.143749
0.0 0
25.0 4.2900615
0.0 0
0.0 0
28.0 1.0349638
0.0 0
0.0 0
31.0 2.617801
0.0 0
33.0 0.9397314
0.0 0
35.0 4.2335157
0.0 0
0.0 0
0.0 0
39.0 4.6561446
0.0 0
0.0 0
42.0 0.15060003
0.0 0
0.0 0
45.0 1.5389763
0.0 0
47.0 3.2304844E-5
0.0 0
0.0 0
0.0 0
0.0 0
0.0 0
53.0 0.38536537
0.0 0
55.0 1.3178886
0.0 0
57.0 0.22856756
0.0 0
59.0 0.62616146
0.0 0
0.0 0
62.0 3.2029903
0.0 0
0.0 0
0.0 0
66.0 20.218967
0.0 0
0.0 0
0.0 0
0.0 0
71.0 13.799169
0.0 0
0.0 0
74.0 5.6918373
0.0 0
76.0 0.05387232
0.0 0
0.0 0
79.0 0.65007997
0.0 0
0.0 0
82.0 0.025599392
0.0 0
84.0 1.8386861E-5
0.0 0
0.0 0
87.0 0.55318534
0.0 0
0.0 0
0.0 0
91.0 1.8371876
0.0 0
0.0 0
0.0 0
0.0 0
96.0 8.136238
0.0 0
0.0 0
99.0 0.5250514
0.0 0
0.0 0
3.0 0.64129186
0.0 0
0.0 0
6.0 0.041288346
0.0 0
0.0 0
0.0 0
0.0 0
0.0 0
0.0 0
13.0 16.29518
0.0 0
15.0 8.466611
0.0 0
17.0 0.46260858
0.0 0
0.0 0
20.0 2.9228942
0.0 0
0.0 0
23.0 6.744959
0.0 0
25.0 5.145696
0.0 0
0.0 0
28.0 0.99272543
0.0 0
0.0 0
0.0 0
0.0 0
33.0 7.029594
0.0 0
35.0 1.8318598
0.0 0
37.0 2.5761364
0.0 0
39.0 2.5554907
0.0 0
0.0 0
42.0 0.25534895
0.0 0
0.0 0
45.0 2.9228942
0.0 0
47.0 0.010777862
0.0 0
0.0 0
0.0 0
0.0 0
0.0 0
0.0 0
0.0 0
55.0 2.014194
0.0 0
57.0 1.4227026
0.0 0
0.0 0
0.0 0
0.0 0
62.0 8.624432
0.0 0
0.0 0
0.0 0
66.0 20.171469
0.0 0
0.0 0
0.0 0
0.0 0
71.0 13.404245
0.0 0
0.0 0
74.0 5.5359015
0.0 0
76.0 0.04245641
0.0 0
0.0 0
79.0 0.68861955
0.0 0
0.0 0
82.0 0.029199535
0.0 0
0.0 0
0.0 0
0.0 0
87.0 0.20510526
0.0 0
0.0 0
0.0 0
91.0 3.014365
0.0 0
0.0 0
0.0 0
0.0 0
96.0 7.5522404
0.0 0
98.0 0.2027222
0.0 0
0.0 0
0.0 0
3.0 0.32450467
0.0 0
0.0 0
6.0 0.1366453
0.0 0
0.0 0
0.0 0
0.0 0
0.0 0
0.0 0
13.0 16.163967
0.0 0
0.0 0
16.0 1.935168
0.0 0
0.0 0
0.0 0
20.0 1.7844869
0.0 0
22.0 9.322819
0.0 0
0.0 0
25.0 6.607625
0.0 0
0.0 0
28.0 0.4141801
0.0 0
0.0 0
0.0 0
0.0 0
33.0 10.766014
0.0 0
35.0 1.1383404
0.0 0
37.0 3.407357
0.0 0
39.0 2.0663176
0.0 0
0.0 0
42.0 0.5609056
0.0 0
0.0 0
0.0 0
46.0 1.4933558
0.0 0
0.0 0
0.0 0
0.0 0
51.0 0.013065871
0.0 0
53.0 0.16059257
0.0 0
0.0 0
56.0 1.8425227
0.0 0
0.0 0
59.0 0.3596427
0.0 0
0.0 0
62.0 12.413543
0.0 0
0.0 0
0.0 0
66.0 20.532051
0.0 0
0.0 0
0.0 0
70.0 14.372002
0.0 0
0.0 0
0.0 0
74.0 3.4997835
0.0 0
0.0 0
77.0 0.0203656
0.0 0
79.0 1.0516132
0.0 0
0.0 0
82.0 0.016783994
0.0 0
84.0 2.2115255E-5
0.0 0
0.0 0
87.0 0.089672014
0.0 0
0.0 0
0.0 0
91.0 2.589972
0.0 0
93.0 0.091604725
0.0 0
0.0 0
96.0 10.44538
0.0 0
0.0 0
99.0 0.29134658
0.0 0
0.0 0
3.0 0.47087175
0.0 0
5.0 0.24769652
0.0 0
7.0 0.04919377
0.0 0
0.0 0
0.0 0
0.0 0
0.0 0
13.0 15.946629
0.0 0
15.0 3.2594151
0.0 0
0.0 0
0.0 0
19.0 9.087815
0.0 0
21.0 0.403885
0.0 0
23.0 5.556638
0.0 0
25.0 11.1378145
0.0 0
0.0 0
28.0 2.2916176
0.0 0
0.0 0
0.0 0
0.0 0
33.0 7.9330864
0.0 0
35.0 0.5846436
0.0 0
37.0 6.7343993
0.0 0
39.0 3.6977956
0.0 0
41.0 0.11166516
0.0 0
43.0 0.009050823
0.0 0
0.0 0
0.0 0
47.0 2.113527
0.0 0
49.0 9.143168E-5
0.0 0
51.0 0.58868384
0.0 0
53.0 0.24209148
0.0 0
0.0 0
0.0 0
57.0 1.3715528
0.0 0
0.0 0
0.0 0
0.0 0
62.0 13.61264
0.0 0
0.0 0
0.0 0
66.0 20.698761
0.0 0
0.0 0
69.0 15.008416
0.0 0
71.0 14.330059
0.0 0
0.0 0
74.0 3.9927375
0.0 0
0.0 0
0.0 0
0.0 0
79.0 0.90675265
0.0 0
0.0 0
82.0 0.05789566
0.0 0
0.0 0
0.0 0
0.0 0
87.0 0.1112001
0.0 0
0.0 0
0.0 0
91.0 5.8695626
0.0 0
0.0 0
0.0 0
0.0 0
96.0 11.814751
0.0 0
0.0 0
99.0 0.34799877
0.0 0
0.0 0
3.0 3.3658545
0.0 0
5.0 1.484373
0.0 0
7.0 0.15677838
0.0 0
0.0 0
0.0 0
0.0 0
0.0 0
13.0 16.566526
0.0 0
15.0 1.8532397
0.0 0
0.0 0
0.0 0
19.0 13.190385
0.0 0
0.0 0
0.0 0
23.0 3.5508194
0.0 0
25.0 4.577993
0.0 0
0.0 0
28.0 3.5765018
0.0 0
0.0 0
31.0 5.618953
0.0 0
33.0 6.7660794
0.0 0
35.0 3.1156058
0.0 0
37.0 2.3426948
0.0 0
39.0 4.3279676
0.0 0
41.0 0.11640511
0.0 0
0.0 0
0.0 0
0.0 0
46.0 0.5512696
0.0 0
48.0 0.109359786
0.0 0
0.0 0
51.0 0.6522954
0.0 0
53.0 1.0787318
0.0 0
0.0 0
0.0 0
57.0 4.500397
0.0 0
0.0 0
0.0 0
0.0 0
62.0 11.699651
0.0 0
0.0 0
0.0 0
66.0 20.575592
0.0 0
0.0 0
69.0 16.053566
0.0 0
71.0 15.62903
0.0 0
0.0 0
74.0 2.7965715
0.0 0
76.0 0.009934951
0.0 0
78.0 0.6347711
0.0 0
0.0 0
0.0 0
82.0 0.114488184
0.0 0
84.0 1.7986988E-5
0.0 0
0.0 0
87.0 0.12487443
0.0 0
0.0 0
0.0 0
91.0 9.903587
0.0 0
0.0 0
0.0 0
0.0 0
96.0 11.298937
0.0 0
0.0 0
99.0 0.20670724
0.0 0
0.0 0
3.0 4.029313
0.0 0
5.0 1.8640014
0.0 0
7.0 0.501697
0.0 0
0.0 0
0.0 0
0.0 0
0.0 0
13.0 16.999226
0.0 0
15.0 1.6047567
0.0 0
0.0 0
0.0 0
19.0 5.196582
0.0 0
0.0 0
22.0 3.8214078
0.0 0
0.0 0
25.0 1.4357342
0.0 0
0.0 0
28.0 8.486424
0.0 0
0.0 0
31.0 4.2147417
0.0 0
33.0 6.892698
0.0 0
35.0 3.332869
0.0 0
37.0 2.434116
0.0 0
39.0 1.4270395
0.0 0
41.0 0.30468413
0.0 0
0.0 0
44.0 0.05947176
0.0 0
0.0 0
0.0 0
0.0 0
49.0 0.0055946317
0.0 0
0.0 0
0.0 0
53.0 5.7753534
0.0 0
55.0 1.9574949
0.0 0
57.0 2.738457
0.0 0
0.0 0
0.0 0
0.0 0
62.0 12.661695
0.0 0
0.0 0
0.0 0
66.0 20.4376
0.0 0
0.0 0
0.0 0
70.0 15.729804
0.0 0
72.0 11.471963
0.0 0
74.0 4.0476613
0.0 0
76.0 0.033561468
0.0 0
78.0 7.4066772
0.0 0
80.0 1.423416E-5
0.0 0
82.0 0.081590965
0.0 0
84.0 1.6295529E-4
0.0 0
0.0 0
87.0 0.20994416
0.0 0
0.0 0
0.0 0
91.0 10.148055
0.0 0
0.0 0
0.0 0
0.0 0
96.0 10.741744
0.0 0
0.0 0
99.0 0.252455
0.0 0
0.0 0
3.0 1.5205957
0.0 0
5.0 2.4407482
0.0 0
7.0 0.011497429
0.0 0
0.0 0
0.0 0
0.0 0
0.0 0
13.0 16.731867
0.0 0
0.0 0
16.0 3.4157069
0.0 0
0.0 0
19.0 0.5195806
0.0 0
0.0 0
22.0 4.7545805
0.0 0
0.0 0
0.0 0
26.0 7.1661615
0.0 0
28.0 11.757402
0.0 0
0.0 0
0.0 0
0.0 0
33.0 5.535911
0.0 0
35.0 0.4262295
0.0 0
37.0 2.2351656
0.0 0
39.0 1.061714
0.0 0
41.0 0.6747958
0.0 0
43.0 0.239332
0.0 0
45.0 0.3557237
0.0 0
47.0 0.016105633
0.0 0
49.0 0.07847609
0.0 0
0.0 0
0.0 0
53.0 5.024218
0.0 0
55.0 4.8737497
0.0 0
0.0 0
58.0 5.796261
0.0 0
0.0 0
0.0 0
62.0 10.838423
0.0 0
64.0 14.639953
0.0 0
66.0 20.604597
0.0 0
0.0 0
0.0 0
70.0 16.38192
0.0 0
72.0 10.545226
0.0 0
0.0 0
75.0 5.7753587
0.0 0
0.0 0
78.0 13.843761
0.0 0
80.0 4.1373228E-4
0.0 0
82.0 0.05387221
0.0 0
84.0 0.0038029598
0.0 0
0.0 0
87.0 0.2662122
0.0 0
89.0 0.665716
0.0 0
91.0 10.3782215
0.0 0
0.0 0
0.0 0
0.0 0
96.0 8.644039
0.0 0
0.0 0
99.0 0.085546486
0.0 0
0.0 0
3.0 0.8633999
0.0 0
5.0 1.5952172
0.0 0
0.0 0
0.0 0
0.0 0
0.0 0
0.0 0
0.0 0
13.0 16.794954
0.0 0
0.0 0
16.0 3.147198
0.0 0
0.0 0
19.0 3.465998
0.0 0
0.0 0
22.0 5.8067274
0.0 0
24.0 5.8905344
0.0 0
26.0 10.43701
0.0 0
28.0 13.309892
0.0 0
0.0 0
0.0 0
32.0 7.3127613
0.0 0
0.0 0
35.0 0.3329914
0.0 0
37.0 2.7240598
0.0 0
39.0 0.85494554
0.0 0
0.0 0
42.0 0.77686435
0.0 0
0.0 0
0.0 0
46.0 0.31973985
0.0 0
48.0 0.0096673025
0.0 0
50.0 0.052191935
0.0 0
0.0 0
0.0 0
54.0 1.2007279
0.0 0
0.0 0
57.0 5.2578416
0.0 0
0.0 0
0.0 0
0.0 0
0.0 0
0.0 0
64.0 14.959447
0.0 0
66.0 20.423052
0.0 0
0.0 0
69.0 15.901791
0.0 0
0.0 0
72.0 8.486424
0.0 0
0.0 0
75.0 8.11602
0.0 0
0.0 0
78.0 13.256333
0.0 0
80.0 0.0022215024
0.0 0
82.0 0.027952492
0.0 0
0.0 0
0.0 0
86.0 0.060814172
0.0 0
0.0 0
0.0 0
0.0 0
91.0 10.8784075
0.0 0
93.0 0.2632088
0.0 0
95.0 10.553502
0.0 0
0.0 0
0.0 0
99.0 9.841557
0.0 0
0.0 0
3.0 2.6178043
0.0 0
5.0 1.0218059
0.0 0
7.0 0.10981757
0.0 0
0.0 0
0.0 0
0.0 0
0.0 0
13.0 17.122984
0.0 0
15.0 2.9607794
0.0 0
17.0 2.3685443
0.0 0
19.0 0.050557986
0.0 0
0.0 0
0.0 0
23.0 11.268481
0.0 0
0.0 0
26.0 8.575288
0.0 0
28.0 10.774086
0.0 0
0.0 0
0.0 0
32.0 10.973626
0.0 0
0.0 0
35.0 0.9246156
0.0 0
37.0 3.3000898
0.0 0
39.0 0.36492863
0.0 0
41.0 0.022399282
0.0 0
43.0 1.6384972
0.0 0
0.0 0
0.0 0
47.0 1.4054805
0.0 0
0.0 0
0.0 0
0.0 0
0.0 0
53.0 3.750488
0.0 0
0.0 0
0.0 0
57.0 10.113491
0.0 0
59.0 4.794187
0.0 0
0.0 0
62.0 11.648782
0.0 0
64.0 14.710773
0.0 0
66.0 20.25912
0.0 0
0.0 0
69.0 16.836866
0.0 0
0.0 0
72.0 11.336855
0.0 0
0.0 0
75.0 7.1976166
0.0 0
0.0 0
78.0 4.3851085
0.0 0
80.0 0.08445116
0.0 0
82.0 0.005434065
0.0 0
0.0 0
0.0 0
86.0 3.0608184
0.0 0
88.0 0.14347182
0.0 0
0.0 0
91.0 9.332126
0.0 0
93.0 2.7529051
0.0 0
95.0 9.489223
0.0 0
0.0 0
98.0 11.306529
0.0 0
1.0 2.4410509E-4
0.0 0
3.0 0.6545144
0.0 0
5.0 1.8911232
0.0 0
7.0 0.1434721
0.0 0
0.0 0
0.0 0
0.0 0
0.0 0
13.0 17.188604
0.0 0
0.0 0
0.0 0
17.0 2.4540439
0.0 0
19.0 0.32811758
0.0 0
0.0 0
22.0 9.671314
0.0 0
24.0 11.184163
0.0 0
0.0 0
0.0 0
28.0 9.154062
0.0 0
0.0 0
0.0 0
0.0 0
33.0 9.894749
0.0 0
35.0 2.2852933
0.0 0
37.0 3.465994
0.0 0
39.0 3.645521
0.0 0
41.0 0.08123941
0.0 0
0.0 0
44.0 2.8333275
0.0 0
0.0 0
47.0 0.8577548
0.0 0
49.0 0.13945355
0.0 0
0.0 0
52.0 4.4329877
0.0 0
0.0 0
55.0 6.818856
0.0 0
57.0 9.068824
0.0 0
59.0 10.035283
0.0 0
61.0 11.843279
0.0 0
63.0 15.4667845
0.0 0
0.0 0
66.0 20.065336
0.0 0
0.0 0
69.0 16.786558
0.0 0
0.0 0
72.0 11.389656
0.0 0
0.0 0
75.0 6.6921573
0.0 0
0.0 0
78.0 1.8911232
0.0 0
0.0 0
81.0 0.05510194
0.0 0
83.0 2.706535E-5
0.0 0
0.0 0
86.0 3.9020584
0.0 0
88.0 0.21823458
0.0 0
90.0 10.225384
0.0 0
0.0 0
93.0 0.45447564
0.0 0
95.0 11.449598
0.0 0
0.0 0
98.0 8.741722
0.0 0
1.0 2.9205397E-4
0.0 0
3.0 0.34927648
0.0 0
5.0 3.147198
0.0 0
7.0 0.766596
0.0 0
0.0 0
0.0 0
0.0 0
0.0 0
13.0 17.044714
0.0 0
15.0 0.40973952
0.0 0
0.0 0
18.0 0.30468363
0.0 0
0.0 0
0.0 0
22.0 12.945922
0.0 0
24.0 2.0199337
0.0 0
0.0 0
27.0 5.2373905
0.0 0
0.0 0
0.0 0
0.0 0
32.0 9.89474
0.0 0
34.0 3.092045
0.0 0
0.0 0
37.0 4.617009
0.0 0
39.0 3.2190418
0.0 0
41.0 7.0295987
0.0 0
43.0 0.5648025
0.0 0
45.0 0.77428883
0.0 0
0.0 0
48.0 3.1156058
0.0 0
50.0 0.52505225
0.0 0
0.0 0
53.0 7.2499986
0.0 0
0.0 0
0.0 0
57.0 9.516732
0.0 0
59.0 7.2081065
0.0 0
0.0 0
62.0 13.561035
0.0 0
64.0 16.088999
0.0 0
66.0 19.881762
0.0 0
0.0 0
69.0 18.06368
0.0 0
71.0 14.9003525
0.0 0
73.0 2.0430229
0.0 0
75.0 6.8188505
0.0 0
0.0 0
78.0 1.576288
0.0 0
0.0 0
0.0 0
82.0 0.07984753
0.0 0
0.0 0
0.0 0
86.0 1.7483181
0.0 0
88.0 0.11544267
0.0 0
90.0 8.886995
0.0 0
0.0 0
93.0 2.3491347
0.0 0
95.0 12.479598
0.0 0
97.0 14.025277
0.0 0
99.0 1.470974
0.0 0
0.0 0
3.0 0.22334848
0.0 0
5.0 4.44259
0.0 0
7.0 4.853817
0.0 0
0.0 0
0.0 0
0.0 0
0.0 0
13.0 17.024052
0.0 0
0.0 0
16.0 2.440742
0.0 0
18.0 6.427949
0.0 0
0.0 0
0.0 0
22.0 15.31152
0.0 0
24.0 1.7330065
0.0 0
26.0 2.9531732
0.0 0
28.0 1.0684943
0.0 0
0.0 0
0.0 0
0.0 0
33.0 12.34025
0.0 0
35.0 4.481095
0.0 0
37.0 6.216737
0.0 0
39.0 1.7077159
0.0 0
0.0 0
0.0 0
43.0 5.094961
0.0 0
0.0 0
0.0 0
0.0 0
48.0 6.575921
0.0 0
50.0 0.8662307
0.0 0
0.0 0
0.0 0
54.0 9.644199
0.0 0
56.0 9.903587
0.0 0
0.0 0
59.0 10.122142
0.0 0
61.0 15.485451
0.0 0
0.0 0
0.0 0
0.0 0
66.0 19.947937
0.0 0
0.0 0
69.0 16.199091
0.0 0
71.0 16.647314
0.0 0
73.0 2.6670177
0.0 0
75.0 4.2900743
0.0 0
0.0 0
78.0 0.86907476
0.0 0
80.0 6.654323E-5
0.0 0
82.0 3.6628997
0.0 0
0.0 0
0.0 0
86.0 0.85494554
0.0 0
88.0 1.120523
0.0 0
90.0 10.709279
0.0 0
0.0 0
93.0 0.34167442
0.0 0
0.0 0
96.0 13.709251
0.0 0
0.0 0
99.0 0.4292894
0.0 0
0.0 0
3.0 0.92762154
0.0 0
5.0 5.660575
0.0 0
7.0 1.7228492
0.0 0
0.0 0
0.0 0
0.0 0
0.0 0
13.0 16.957758
0.0 0
0.0 0
16.0 5.691827
0.0 0
18.0 0.53989494
0.0 0
0.0 0
0.0 0
22.0 14.880575
0.0 0
24.0 2.2413907
0.0 0
26.0 1.6239712
0.0 0
28.0 1.9075485
0.0 0
30.0 9.33213
0.0 0
0.0 0
33.0 13.327668
0.0 0
35.0 2.6388106
0.0 0
37.0 7.994244
0.0 0
39.0 0.9067541
0.0 0
0.0 0
42.0 2.9228942
0.0 0
0.0 0
45.0 2.991319
0.0 0
0.0 0
0.0 0
49.0 5.618953
0.0 0
0.0 0
0.0 0
0.0 0
54.0 11.949362
0.0 0
56.0 11.836155
0.0 0
0.0 0
59.0 12.635932
0.0 0
61.0 16.702328
0.0 0
0.0 0
64.0 16.022472
0.0 0
66.0 19.988329
0.0 0
0.0 0
69.0 16.181538
0.0 0
71.0 16.089003
0.0 0
73.0 6.808304
0.0 0
75.0 8.257107
0.0 0
0.0 0
78.0 0.84101796
0.0 0
0.0 0
0.0 0
82.0 4.3089995
0.0 0
0.0 0
0.0 0
86.0 2.2042637
0.0 0
88.0 0.6634607
0.0 0
90.0 11.306537
0.0 0
0.0 0
93.0 0.11933419
0.0 0
95.0 13.754332
0.0 0
0.0 0
0.0 0
99.0 1.1710206
0.0 0
0.0 0
3.0 2.060478
0.0 0
5.0 5.2783017
0.0 0
7.0 0.29025832
0.0 0
0.0 0
0.0 0
0.0 0
0.0 0
13.0 16.540916
0.0 0
0.0 0
0.0 0
17.0 6.5864944
0.0 0
19.0 0.041288704
0.0 0
0.0 0
22.0 14.680492
0.0 0
24.0 0.16713297
0.0 0
26.0 2.0604725
0.0 0
28.0 2.1919956
0.0 0
0.0 0
0.0 0
0.0 0
33.0 12.958325
0.0 0
35.0 5.5048265
0.0 0
37.0 9.238734
0.0 0
39.0 4.6463423
0.0 0
0.0 0
42.0 4.3755574
0.0 0
0.0 0
0.0 0
46.0 5.411871
0.0 0
0.0 0
49.0 5.034304
0.0 0
51.0 7.6660833
0.0 0
53.0 4.158672
0.0 0
0.0 0
0.0 0
57.0 11.404684
0.0 0
59.0 15.788933
0.0 0
61.0 17.25397
0.0 0
0.0 0
64.0 17.266197
0.0 0
66.0 20.160501
0.0 0
0.0 0
69.0 14.090338
0.0 0
71.0 16.089003
0.0 0
73.0 9.617004
0.0 0
75.0 8.829073
0.0 0
0.0 0
78.0 1.0415964
0.0 0
0.0 0
0.0 0
82.0 0.2365996
0.0 0
0.0 0
0.0 0
86.0 0.43546727
0.0 0
88.0 0.16713329
0.0 0
90.0 9.571534
0.0 0
0.0 0
93.0 0.97687674
0.0 0
95.0 13.166268
0.0 0
97.0 0.3531333
0.0 0
99.0 1.2426231
0.0 0
0.0 0
3.0 5.796266
0.0 0
5.0 5.380968
0.0 0
7.0 0.0087076295
0.0 0
0.0 0
0.0 0
0.0 0
0.0 0
13.0 16.874485
0.0 0
15.0 0.25925273
0.0 0
17.0 6.533642
0.0 0
19.0 0.1664679
0.0 0
0.0 0
22.0 13.154185
0.0 0
24.0 0.3825811
0.0 0
26.0 1.5999812
0.0 0
28.0 0.80305946
0.0 0
0.0 0
0.0 0
0.0 0
33.0 12.82085
0.0 0
0.0 0
0.0 0
37.0 11.005137
0.0 0
39.0 5.196582
0.0 0
41.0 6.0481277
0.0 0
0.0 0
0.0 0
45.0 5.9535065
0.0 0
47.0 5.9535017
0.0 0
0.0 0
50.0 7.5936875
0.0 0
52.0 10.285106
0.0 0
0.0 0
55.0 13.117824
0.0 0
57.0 10.652192
0.0 0
59.0 16.982649
0.0 0
0.0 0
62.0 17.863356
0.0 0
64.0 17.274342
0.0 0
66.0 19.977314
0.0 0
0.0 0
69.0 17.804073
0.0 0
71.0 16.429388
0.0 0
73.0 5.9115076
0.0 0
75.0 8.906264
0.0 0
0.0 0
78.0 0.20036408
0.0 0
0.0 0
0.0 0
82.0 0.20670724
0.0 0
0.0 0
85.0 0.54745394
0.0 0
87.0 0.06054381
0.0 0
0.0 0
90.0 10.344476
0.0 0
0.0 0
93.0 0.43858632
0.0 0
95.0 13.136023
0.0 0
97.0 0.09005546
0.0 0
99.0 1.0120327
0.0 0
0.0 0
3.0 8.944686
0.0 0
5.0 3.724093
0.0 0
0.0 0
0.0 0
0.0 0
0.0 0
0.0 0
0.0 0
13.0 17.048845
0.0 0
15.0 0.9216167
0.0 0
17.0 1.0120327
0.0 0
0.0 0
0.0 0
0.0 0
22.0 12.492745
0.0 0
24.0 0.13945355
0.0 0
26.0 0.995924
0.0 0
28.0 1.0959772
0.0 0
0.0 0
0.0 0
32.0 14.5737
0.0 0
34.0 4.597486
0.0 0
0.0 0
37.0 10.846439
0.0 0
39.0 6.0691776
0.0 0
41.0 6.6604557
0.0 0
43.0 1.2503724
0.0 0
45.0 7.748564
0.0 0
0.0 0
0.0 0
49.0 11.067831
0.0 0
51.0 8.838744
0.0 0
53.0 6.1323733
0.0 0
0.0 0
56.0 14.014386
0.0 0
0.0 0
59.0 17.204967
0.0 0
0.0 0
62.0 17.488865
0.0 0
64.0 17.529055
0.0 0
66.0 19.811794
0.0 0
0.0 0
69.0 17.052973
0.0 0
71.0 15.843242
0.0 0
73.0 5.5255303
0.0 0
75.0 9.163503
0.0 0
0.0 0
78.0 0.15428066
0.0 0
80.0 0.026363421
0.0 0
0.0 0
0.0 0
0.0 0
85.0 4.093738
0.0 0
87.0 0.13225557
0.0 0
0.0 0
90.0 10.104831
0.0 0
0.0 0
93.0 0.31387362
0.0 0
95.0 13.737454
0.0 0
97.0 0.024977788
0.0 0
99.0 1.1932433
0.0 0
0.0 0
3.0 4.4329877
0.0 0
5.0 5.2374
0.0 0
0.0 0
0.0 0
0.0 0
0.0 0
0.0 0
0.0 0
13.0 16.685421
0.0 0
15.0 2.8333275
0.0 0
17.0 0.22856794
0.0 0
0.0 0
0.0 0
0.0 0
22.0 12.266281
0.0 0
0.0 0
0.0 0
26.0 0.61765724
0.0 0
28.0 4.2053766
0.0 0
0.0 0
0.0 0
0.0 0
33.0 13.509104
0.0 0
0.0 0
0.0 0
37.0 12.648826
0.0 0
39.0 7.281383
0.0 0
41.0 8.770909
0.0 0
0.0 0
0.0 0
45.0 5.350097
0.0 0
0.0 0
48.0 9.248106
0.0 0
0.0 0
0.0 0
52.0 9.779148
0.0 0
54.0 8.944691
0.0 0
0.0 0
57.0 14.740961
0.0 0
59.0 17.504951
0.0 0
0.0 0
62.0 18.19233
0.0 0
64.0 17.327202
0.0 0
66.0 20.010344
0.0 0
0.0 0
69.0 17.007505
0.0 0
71.0 16.225368
0.0 0
73.0 5.105098
0.0 0
75.0 8.702732
0.0 0
0.0 0
78.0 1.5389721
0.0 0
80.0 0.036037352
0.0 0
82.0 0.02891822
0.0 0
0.0 0
85.0 9.814858
0.0 0
87.0 1.0856
0.0 0
0.0 0
0.0 0
91.0 9.116254
0.0 0
93.0 1.0087914
0.0 0
95.0 14.213683
0.0 0
97.0 0.08445133
0.0 0
99.0 1.5715798
0.0 0
0.0 0
3.0 6.1534576
0.0 0
5.0 1.4888568
0.0 0
0.0 0
0.0 0
0.0 0
0.0 0
0.0 0
0.0 0
13.0 16.920341
0.0 0
15.0 0.039405636
0.0 0
0.0 0
18.0 0.5087834
0.0 0
0.0 0
0.0 0
22.0 5.880054
0.0 0
24.0 6.2695074
0.0 0
26.0 0.70032763
0.0 0
0.0 0
0.0 0
0.0 0
0.0 0
0.0 0
33.0 13.832631
0.0 0
0.0 0
0.0 0
37.0 13.692283
0.0 0
0.0 0
0.0 0
0.0 0
42.0 8.11602
0.0 0
0.0 0
0.0 0
0.0 0
47.0 7.344092
0.0 0
49.0 10.594751
0.0 0
0.0 0
52.0 9.304185
0.0 0
0.0 0
55.0 12.102483
0.0 0
57.0 16.545185
0.0 0
59.0 18.266077
0.0 0
0.0 0
0.0 0
63.0 19.90383
0.0 0
0.0 0
66.0 20.036016
0.0 0
0.0 0
69.0 16.928665
0.0 0
71.0 16.685421
0.0 0
73.0 6.111305
0.0 0
75.0 8.634241
0.0 0
77.0 1.5715864
0.0 0
79.0 0.53615034
0.0 0
0.0 0
82.0 0.030203521
0.0 0
0.0 0
0.0 0
86.0 3.1949785
0.0 0
88.0 3.4240508
0.0 0
90.0 6.55478
0.0 0
0.0 0
93.0 1.3138305
0.0 0
95.0 14.351057
0.0 0
97.0 0.051720325
0.0 0
99.0 1.1932433
0.0 0
0.0 0
3.0 10.182494
0.0 0
5.0 0.89793617
0.0 0
0.0 0
0.0 0
0.0 0
0.0 0
0.0 0
0.0 0
13.0 17.14352
0.0 0
0.0 0
0.0 0
0.0 0
18.0 0.6412908
0.0 0
0.0 0
21.0 3.602298
0.0 0
23.0 7.134683
0.0 0
0.0 0
26.0 2.5761395
0.0 0
0.0 0
29.0 5.8276677
0.0 0
0.0 0
32.0 14.208354
0.0 0
34.0 8.516099
0.0 0
0.0 0
37.0 14.413747
0.0 0
0.0 0
0.0 0
0.0 0
42.0 10.268085
0.0 0
44.0 7.758859
0.0 0
46.0 8.45669
0.0 0
0.0 0
49.0 10.113491
0.0 0
51.0 11.619569
0.0 0
0.0 0
0.0 0
55.0 12.225642
0.0 0
57.0 17.007505
0.0 0
59.0 16.66003
0.0 0
0.0 0
0.0 0
63.0 20.291952
0.0 0
0.0 0
66.0 20.036016
0.0 0
0.0 0
69.0 17.196789
0.0 0
71.0 16.912014
0.0 0
73.0 7.3023
0.0 0
75.0 7.1556706
0.0 0
0.0 0
0.0 0
79.0 1.8212491
0.0 0
81.0 0.043050885
0.0 0
0.0 0
0.0 0
0.0 0
0.0 0
87.0 10.619416
0.0 0
0.0 0
90.0 6.0270863
0.0 0
0.0 0
93.0 1.131187
0.0 0
95.0 14.92502
0.0 0
97.0 0.04941902
0.0 0
99.0 2.3880827
0.0 0
0.0 0
3.0 2.9078276
0.0 0
5.0 0.4186638
0.0 0
0.0 0
0.0 0
0.0 0
0.0 0
0.0 0
0.0 0
13.0 17.902784
0.0 0
0.0 0
0.0 0
17.0 0.68861955
0.0 0
0.0 0
0.0 0
21.0 9.877043
0.0 0
23.0 3.1551316
0.0 0
0.0 0
26.0 5.2578416
0.0 0
0.0 0
29.0 9.059317
0.0 0
0.0 0
32.0 13.635475
0.0 0
34.0 10.2680855
0.0 0
0.0 0
37.0 14.870674
0.0 0
0.0 0
0.0 0
41.0 11.214919
0.0 0
0.0 0
0.0 0
0.0 0
46.0 9.097304
0.0 0
48.0 6.3962445
0.0 0
0.0 0
51.0 11.641489
0.0 0
53.0 10.4954405
0.0 0
55.0 11.721356
0.0 0
57.0 18.19233
0.0 0
59.0 17.633142
0.0 0
0.0 0
0.0 0
63.0 20.39031
0.0 0
0.0 0
66.0 19.87808
0.0 0
0.0 0
69.0 18.269953
0.0 0
71.0 17.069473
0.0 0
73.0 8.516099
0.0 0
75.0 6.006044
0.0 0
0.0 0
78.0 3.8303149
0.0 0
80.0 0.33054796
0.0 0
0.0 0
83.0 0.37163103
0.0 0
0.0 0
0.0 0
0.0 0
88.0 12.545111
0.0 0
0.0 0
91.0 5.9535065
0.0 0
93.0 1.4401019
0.0 0
95.0 15.74348
0.0 0
97.0 0.33668828
0.0 0
99.0 2.0084698
0.0 0
0.0 0
3.0 3.0608184
0.0 0
5.0 0.38119757
0.0 0
0.0 0
0.0 0
0.0 0
0.0 0
0.0 0
0.0 0
13.0 17.06535
0.0 0
0.0 0
0.0 0
17.0 0.07779834
0.0 0
0.0 0
0.0 0
21.0 6.0902405
0.0 0
23.0 4.029309
0.0 0
0.0 0
0.0 0
27.0 6.7766304
0.0 0
29.0 12.074859
0.0 0
0.0 0
0.0 0
33.0 14.25618
0.0 0
0.0 0
0.0 0
37.0 15.541253
0.0 0
0.0 0
0.0 0
41.0 11.821887
0.0 0
0.0 0
44.0 10.910256
0.0 0
0.0 0
47.0 9.553292
0.0 0
0.0 0
50.0 11.864603
0.0 0
0.0 0
53.0 12.177975
0.0 0
0.0 0
0.0 0
57.0 18.493649
0.0 0
59.0 17.040583
0.0 0
0.0 0
0.0 0
63.0 19.811794
0.0 0
0.0 0
66.0 19.88176
0.0 0
0.0 0
69.0 17.085957
0.0 0
71.0 17.077717
0.0 0
73.0 5.3193026
0.0 0
75.0 7.6867275
0.0 0
0.0 0
0.0 0
79.0 5.618948
0.0 0
0.0 0
0.0 0
83.0 1.4933579
0.0 0
0.0 0
86.0 1.6384995
0.0 0
0.0 0
0.0 0
90.0 10.139424
0.0 0
0.0 0
93.0 1.7279207
0.0 0
95.0 15.711552
0.0 0
97.0 0.29243737
0.0 0
99.0 1.913045
0.0 0
0.0 0
3.0 2.1016438
0.0 0
5.0 0.89209884
0.0 0
0.0 0
0.0 0
0.0 0
0.0 0
0.0 0
0.0 0
13.0 17.557135
0.0 0
0.0 0
0.0 0
17.0 1.1491481
0.0 0
0.0 0
0.0 0
21.0 4.5391283
0.0 0
0.0 0
0.0 0
25.0 5.5462675
0.0 0
27.0 10.242489
0.0 0
29.0 13.327662
0.0 0
0.0 0
0.0 0
33.0 14.811025
0.0 0
0.0 0
0.0 0
37.0 16.031364
0.0 0
0.0 0
40.0 12.116266
0.0 0
42.0 12.69378
0.0 0
44.0 12.635935
0.0 0
46.0 6.121841
0.0 0
0.0 0
0.0 0
50.0 13.29208
0.0 0
0.0 0
0.0 0
0.0 0
0.0 0
0.0 0
57.0 18.412888
0.0 0
59.0 17.139412
0.0 0
0.0 0
0.0 0
63.0 19.471273
0.0 0
0.0 0
66.0 20.087315
0.0 0
0.0 0
69.0 16.920341
0.0 0
71.0 16.96606
0.0 0
73.0 5.515174
0.0 0
75.0 10.165293
0.0 0
77.0 2.6528873
0.0 0
79.0 5.1660256
0.0 0
0.0 0
0.0 0
83.0 4.442595
0.0 0
0.0 0
86.0 2.6740978
0.0 0
0.0 0
0.0 0
90.0 15.134619
0.0 0
0.0 0
93.0 4.853817
0.0 0
95.0 15.697837
0.0 0
97.0 0.3596427
0.0 0
99.0 3.0375361
0.0 0
0.0 0
3.0 1.5762839
0.0 0
5.0 1.5952216
0.0 0
0.0 0
0.0 0
0.0 0
0.0 0
0.0 0
0.0 0
13.0 17.444553
0.0 0
0.0 0
0.0 0
0.0 0
0.0 0
19.0 1.7330065
0.0 0
0.0 0
0.0 0
23.0 3.8125043
0.0 0
25.0 8.84841
0.0 0
27.0 11.35952
0.0 0
29.0 13.532228
0.0 0
0.0 0
32.0 15.003534
0.0 0
34.0 12.68737
0.0 0
0.0 0
37.0 16.338621
0.0 0
0.0 0
40.0 13.485919
0.0 0
0.0 0
43.0 13.485919
0.0 0
45.0 12.400272
0.0 0
0.0 0
48.0 10.470444
0.0 0
50.0 11.336855
0.0 0
0.0 0
0.0 0
54.0 13.315821
0.0 0
0.0 0
57.0 18.931633
0.0 0
59.0 16.42508
0.0 0
0.0 0
0.0 0
63.0 19.508434
0.0 0
0.0 0
66.0 20.208012
0.0 0
0.0 0
69.0 17.122984
0.0 0
71.0 17.294695
0.0 0
73.0 9.607922
0.0 0
75.0 9.0212145
0.0 0
77.0 6.9875026
0.0 0
79.0 10.310594
0.0 0
0.0 0
0.0 0
83.0 7.8819866
0.0 0
0.0 0
86.0 6.7027164
0.0 0
0.0 0
0.0 0
90.0 17.752554
0.0 0
0.0 0
93.0 2.9228942
0.0 0
95.0 15.820642
0.0 0
97.0 0.3895714
0.0 0
99.0 3.27565
0.0 0
0.0 0
3.0 3.5422826
0.0 0
5.0 7.0295987
0.0 0
0.0 0
0.0 0
0.0 0
0.0 0
0.0 0
0.0 0
13.0 17.480816
0.0 0
0.0 0
0.0 0
0.0 0
0.0 0
19.0 6.3434234
0.0 0
0.0 0
0.0 0
0.0 0
0.0 0
25.0 13.026193
0.0 0
27.0 13.111747
0.0 0
29.0 14.796058
0.0 0
0.0 0
0.0 0
33.0 15.31152
0.0 0
0.0 0
0.0 0
37.0 16.57505
0.0 0
0.0 0
40.0 14.599244
0.0 0
0.0 0
43.0 13.998026
0.0 0
45.0 12.939717
0.0 0
47.0 10.361367
0.0 0
49.0 10.733637
0.0 0
0.0 0
0.0 0
53.0 12.801915
0.0 0
0.0 0
0.0 0
57.0 17.906723
0.0 0
59.0 15.652016
0.0 0
0.0 0
0.0 0
63.0 18.466759
0.0 0
0.0 0
66.0 19.771235
0.0 0
0.0 0
69.0 18.22341
0.0 0
71.0 17.147621
0.0 0
73.0 9.607922
0.0 0
0.0 0
76.0 10.251021
0.0 0
0.0 0
79.0 12.833446
0.0 0
0.0 0
0.0 0
83.0 7.4691567
0.0 0
0.0 0
86.0 6.924316
0.0 0
0.0 0
0.0 0
90.0 19.093716
0.0 0
0.0 0
93.0 7.6557546
0.0 0
95.0 15.761679
0.0 0
97.0 1.8802371
0.0 0
0.0 0
1.0 12.13689
0.0 0
0.0 0
4.0 14.786065
0.0 0
6.0 13.4975195
0.0 0
0.0 0
0.0 0
0.0 0
0.0 0
0.0 0
13.0 16.273405
0.0 0
0.0 0
0.0 0
0.0 0
18.0 14.025281
0.0 0
0.0 0
21.0 14.939794
0.0 0
23.0 15.071723
0.0 0
25.0 15.201915
0.0 0
27.0 15.26877
0.0 0
29.0 15.382376
0.0 0
0.0 0
0.0 0
33.0 16.325602
0.0 0
0.0 0
0.0 0
37.0 16.255957
0.0 0
0.0 0
40.0 15.697837
0.0 0
0.0 0
0.0 0
44.0 15.684113
0.0 0
46.0 15.71155
0.0 0
0.0 0
49.0 16.141966
0.0 0
0.0 0
52.0 15.761679
0.0 0
54.0 15.729804
0.0 0
0.0 0
57.0 16.752922
0.0 0
0.0 0
60.0 16.630346
0.0 0
62.0 17.048845
0.0 0
64.0 15.761682
0.0 0
66.0 17.302828
0.0 0
0.0 0
69.0 17.302828
0.0 0
71.0 16.647314
0.0 0
73.0 15.527329
0.0 0
0.0 0
0.0 0
77.0 15.396492
0.0 0
79.0 15.748031
0.0 0
0.0 0
82.0 14.439739
0.0 0
84.0 13.154189
0.0 0
0.0 0
87.0 13.77117
0.0 0
89.0 15.820642
0.0 0
91.0 17.484842
0.0 0
93.0 15.037685
0.0 0
95.0 16.394884
0.0 0
0.0 0
98.0 13.804754
0.0 0
1.0 3.7378733E-4
0.0 0
0.0 0
4.0 4.5877395
0.0 0
0.0 0
7.0 0.39667085
0.0 0
0.0 0
0.0 0
0.0 0
0.0 0
13.0 15.244945
0.0 0
15.0 2.3618515E-4
0.0 0
0.0 0
18.0 2.3043091
0.0 0
0.0 0
21.0 6.7449684
0.0 0
0.0 0
24.0 11.106781
0.0 0
0.0 0
27.0 7.7588634
0.0 0
29.0 12.479598
0.0 0
0.0 0
0.0 0
33.0 14.460478
0.0 0
0.0 0
0.0 0
37.0 15.311522
0.0 0
0.0 0
0.0 0
41.0 12.88363
0.0 0
43.0 12.551636
0.0 0
0.0 0
46.0 11.397167
0.0 0
0.0 0
49.0 12.353631
0.0 0
51.0 10.369805
0.0 0
53.0 10.9657345
0.0 0
0.0 0
0.0 0
57.0 17.736671
0.0 0
0.0 0
60.0 14.8408985
0.0 0
62.0 17.898844
0.0 0
64.0 14.59924
0.0 0
66.0 19.195063
0.0 0
0.0 0
69.0 18.855953
0.0 0
71.0 16.899515
0.0 0
73.0 10.9894
0.0 0
0.0 0
0.0 0
77.0 10.148056
0.0 0
79.0 9.369282
0.0 0
0.0 0
82.0 3.9472516
0.0 0
0.0 0
85.0 0.4156695
0.0 0
87.0 0.89209884
0.0 0
89.0 12.040198
0.0 0
91.0 19.549267
0.0 0
93.0 8.347209
0.0 0
95.0 15.624428
0.0 0
0.0 0
98.0 0.84656656
0.0 0
1.0 1.2875629E-4
0.0 0
0.0 0
4.0 2.0604725
0.0 0
0.0 0
7.0 2.3620644
0.0 0
0.0 0
0.0 0
0.0 0
0.0 0
13.0 15.564421
0.0 0
0.0 0
0.0 0
0.0 0
18.0 2.4143047
0.0 0
0.0 0
0.0 0
22.0 8.780616
0.0 0
24.0 12.067941
0.0 0
0.0 0
27.0 10.148056
0.0 0
29.0 12.655259
0.0 0
0.0 0
0.0 0
33.0 14.403332
0.0 0
0.0 0
0.0 0
37.0 15.587538
0.0 0
0.0 0
0.0 0
41.0 13.433508
0.0 0
0.0 0
44.0 9.885898
0.0 0
46.0 10.79827
0.0 0
0.0 0
0.0 0
50.0 12.719354
0.0 0
52.0 9.956469
0.0 0
54.0 11.214919
0.0 0
0.0 0
57.0 17.601175
0.0 0
0.0 0
60.0 17.135307
0.0 0
62.0 17.573162
0.0 0
64.0 16.596346
0.0 0
66.0 19.202557
0.0 0
0.0 0
69.0 18.707798
0.0 0
71.0 17.036453
0.0 0
0.0 0
74.0 11.6851425
0.0 0
0.0 0
77.0 7.9534974
0.0 0
79.0 9.191767
0.0 0
0.0 0
82.0 8.176617
0.0 0
84.0 0.56872225
0.0 0
86.0 5.36039
0.0 0
0.0 0
89.0 9.350716
0.0 0
91.0 19.39311
0.0 0
93.0 8.516104
0.0 0
95.0 15.838725
0.0 0
97.0 1.1419339
0.0 0
99.0 0.089672014
0.0 0
2.0 4.2917374E-5
0.0 0
4.0 1.269919
0.0 0
6.0 10.520367
0.0 0
0.0 0
0.0 0
0.0 0
0.0 0
0.0 0
13.0 15.955578
0.0 0
0.0 0
16.0 0.07612717
0.0 0
0.0 0
0.0 0
20.0 1.9463124
0.0 0
0.0 0
23.0 13.480109
0.0 0
25.0 3.5422785
0.0 0
0.0 0
0.0 0
29.0 14.149547
0.0 0
0.0 0
0.0 0
33.0 13.8659725
0.0 0
0.0 0
0.0 0
37.0 14.993755
0.0 0
0.0 0
40.0 12.55163
0.0 0
0.0 0
43.0 11.184163
0.0 0
0.0 0
0.0 0
47.0 9.535025
0.0 0
49.0 9.868181
0.0 0
51.0 11.857496
0.0 0
0.0 0
54.0 10.717403
0.0 0
0.0 0
57.0 17.024055
0.0 0
0.0 0
60.0 16.748714
0.0 0
62.0 16.609104
0.0 0
64.0 16.769749
0.0 0
66.0 19.180067
0.0 0
0.0 0
69.0 18.516678
0.0 0
71.0 17.351545
0.0 0
0.0 0
74.0 12.545111
0.0 0
0.0 0
77.0 9.885898
0.0 0
79.0 11.106784
0.0 0
0.0 0
82.0 8.126132
0.0 0
84.0 2.089815
0.0 0
86.0 2.155505
0.0 0
0.0 0
89.0 12.266281
0.0 0
91.0 19.704777
0.0 0
93.0 9.930056
0.0 0
95.0 15.897295
0.0 0
97.0 0.9927285
0.0 0
99.0 0.18380362
0.0 0
2.0 2.308459E-5
0.0 0
4.0 2.3491378
0.0 0
6.0 5.034304
0.0 0
0.0 0
0.0 0
0.0 0
0.0 0
0.0 0
13.0 16.269047
0.0 0
0.0 0
16.0 0.15490176
0.0 0
18.0 3.9381986
0.0 0
0.0 0
0.0 0
0.0 0
23.0 10.0614195
0.0 0
25.0 4.8937254
0.0 0
0.0 0
0.0 0
29.0 13.987101
0.0 0
0.0 0
0.0 0
33.0 14.170979
0.0 0
0.0 0
0.0 0
37.0 14.429354
0.0 0
0.0 0
0.0 0
41.0 14.542961
0.0 0
0.0 0
44.0 13.368989
0.0 0
0.0 0
47.0 9.322815
0.0 0
49.0 10.79827
0.0 0
51.0 10.165288
0.0 0
53.0 7.7176676
0.0 0
0.0 0
0.0 0
57.0 16.961908
0.0 0
0.0 0
60.0 17.827805
0.0 0
0.0 0
0.0 0
64.0 17.23357
0.0 0
66.0 18.623873
0.0 0
0.0 0
69.0 17.282486
0.0 0
71.0 17.680992
0.0 0
73.0 11.61225
0.0 0
75.0 6.0797057
0.0 0
77.0 9.770205
0.0 0
79.0 9.498397
0.0 0
0.0 0
82.0 10.981518
0.0 0
84.0 4.7842665
0.0 0
86.0 8.545721
0.0 0
0.0 0
89.0 8.935095
0.0 0
91.0 19.067389
0.0 0
93.0 9.27618
0.0 0
95.0 16.071295
0.0 0
97.0 1.3342087
0.0 0
99.0 1.0617156
0.0 0
0.0 0
0.0 0
4.0 2.998995
0.0 0
6.0 1.3548489
0.0 0
0.0 0
0.0 0
0.0 0
0.0 0
0.0 0
13.0 16.155169
0.0 0
0.0 0
16.0 6.9559155
0.0 0
18.0 3.724089
0.0 0
0.0 0
0.0 0
22.0 3.147198
0.0 0
0.0 0
25.0 1.8693959
0.0 0
0.0 0
0.0 0
29.0 13.8493185
0.0 0
0.0 0
0.0 0
33.0 14.51212
0.0 0
0.0 0
0.0 0
37.0 14.766045
0.0 0
0.0 0
0.0 0
41.0 14.915162
0.0 0
0.0 0
44.0 13.280179
0.0 0
0.0 0
47.0 10.611204
0.0 0
0.0 0
50.0 8.126138
0.0 0
52.0 7.779424
0.0 0
54.0 9.788085
0.0 0
0.0 0
57.0 17.480816
0.0 0
0.0 0
60.0 16.566525
0.0 0
0.0 0
0.0 0
64.0 16.907848
0.0 0
66.0 19.007128
0.0 0
0.0 0
69.0 18.961851
0.0 0
71.0 18.059769
0.0 0
73.0 11.199548
0.0 0
75.0 5.744011
0.0 0
77.0 8.954281
0.0 0
79.0 8.93509
0.0 0
0.0 0
82.0 11.634184
0.0 0
0.0 0
85.0 11.560843
0.0 0
0.0 0
0.0 0
89.0 7.758859
0.0 0
91.0 17.585175
0.0 0
93.0 8.416965
0.0 0
95.0 16.216614
0.0 0
0.0 0
0.0 0
99.0 5.216977
0.0 0
2.0 5.6524346E-5
0.0 0
4.0 3.1077442
0.0 0
6.0 6.8610516
0.0 0
0.0 0
0.0 0
0.0 0
0.0 0
0.0 0
13.0 16.242857
0.0 0
0.0 0
16.0 4.3469787
0.0 0
0.0 0
19.0 0.70505667
0.0 0
0.0 0
22.0 6.048133
0.0 0
0.0 0
25.0 4.6659555
0.0 0
0.0 0
0.0 0
29.0 13.543763
0.0 0
0.0 0
0.0 0
33.0 14.476
0.0 0
0.0 0
0.0 0
37.0 15.003536
0.0 0
0.0 0
0.0 0
41.0 14.720849
0.0 0
0.0 0
44.0 13.321745
0.0 0
46.0 9.635135
0.0 0
48.0 8.58513
0.0 0
50.0 7.6764126
0.0 0
52.0 10.470444
0.0 0
54.0 9.535029
0.0 0
0.0 0
57.0 17.102423
0.0 0
0.0 0
60.0 15.19233
0.0 0
0.0 0
0.0 0
64.0 15.960051
0.0 0
66.0 19.281149
0.0 0
0.0 0
69.0 18.642967
0.0 0
71.0 17.938206
0.0 0
73.0 14.568586
0.0 0
75.0 6.417387
0.0 0
77.0 7.572974
0.0 0
79.0 10.208253
0.0 0
0.0 0
82.0 10.586517
0.0 0
0.0 0
85.0 13.606926
0.0 0
0.0 0
88.0 3.300094
0.0 0
0.0 0
91.0 16.849415
0.0 0
93.0 8.466611
0.0 0
95.0 16.14637
0.0 0
97.0 3.8124952
0.0 0
99.0 9.0973
0.0 0
2.0 7.110901E-5
0.0 0
4.0 0.6747948
0.0 0
6.0 4.548831
0.0 0
0.0 0
0.0 0
0.0 0
0.0 0
0.0 0
13.0 16.912014
0.0 0
0.0 0
16.0 1.2310745
0.0 0
18.0 1.0583369
0.0 0
0.0 0
21.0 3.7769997
0.0 0
0.0 0
24.0 5.577401
0.0 0
0.0 0
0.0 0
0.0 0
29.0 12.259519
0.0 0
31.0 14.335314
0.0 0
33.0 14.553224
0.0 0
0.0 0
0.0 0
37.0 14.925021
0.0 0
0.0 0
0.0 0
41.0 14.20836
0.0 0
0.0 0
44.0 12.597139
0.0 0
46.0 10.130791
0.0 0
0.0 0
49.0 9.106779
0.0 0
0.0 0
52.0 8.944686
0.0 0
54.0 8.73198
0.0 0
0.0 0
57.0 16.982653
0.0 0
0.0 0
60.0 14.835924
0.0 0
62.0 14.915162
0.0 0
64.0 15.752582
0.0 0
66.0 18.927853
0.0 0
0.0 0
69.0 16.664265
0.0 0
71.0 17.66107
0.0 0
73.0 14.345813
0.0 0
75.0 8.915872
0.0 0
77.0 6.185083
0.0 0
79.0 14.298474
0.0 0
0.0 0
82.0 8.287187
0.0 0
0.0 0
85.0 9.607922
0.0 0
87.0 4.7644672
0.0 0
89.0 8.466611
0.0 0
91.0 16.978504
0.0 0
0.0 0
0.0 0
95.0 16.290829
0.0 0
97.0 2.4673927
0.0 0
99.0 7.912657
0.0 0
2.0 7.666435E-5
0.0 0
4.0 0.12032515
0.0 0
6.0 3.076413
0.0 0
0.0 0
0.0 0
0.0 0
0.0 0
0.0 0
13.0 16.815926
0.0 0
0.0 0
16.0 0.057636503
0.0 0
18.0 2.2351656
0.0 0
0.0 0
21.0 5.1965866
0.0 0
23.0 5.094961
0.0 0
25.0 1.0516164
0.0 0
0.0 0
0.0 0
29.0 10.870426
0.0 0
31.0 15.235398
0.0 0
33.0 14.309018
0.0 0
0.0 0
0.0 0
37.0 14.665311
0.0 0
0.0 0
0.0 0
41.0 13.910222
0.0 0
0.0 0
44.0 12.661697
0.0 0
46.0 10.11349
0.0 0
0.0 0
49.0 10.838428
0.0 0
0.0 0
52.0 7.134692
0.0 0
54.0 9.868185
0.0 0
0.0 0
57.0 17.553125
0.0 0
0.0 0
60.0 14.811025
0.0 0
62.0 14.04159
0.0 0
64.0 15.807063
0.0 0
66.0 19.029737
0.0 0
0.0 0
69.0 15.54589
0.0 0
71.0 17.637135
0.0 0
0.0 0
74.0 13.921246
0.0 0
0.0 0
77.0 7.176654
0.0 0
79.0 16.15077
0.0 0
0.0 0
82.0 9.154062
0.0 0
0.0 0
85.0 8.39706
0.0 0
0.0 0
0.0 0
89.0 4.8239675
0.0 0
91.0 16.377596
0.0 0
93.0 6.681595
0.0 0
95.0 16.106678
0.0 0
97.0 5.034309
0.0 0
99.0 7.229058
0.0 0
2.0 9.2275E-5
0.0 0
4.0 0.14581423
0.0 0
6.0 1.50239
0.0 0
0.0 0
0.0 0
0.0 0
0.0 0
0.0 0
13.0 16.468094
0.0 0
0.0 0
16.0 0.16779976
0.0 0
18.0 1.4054825
0.0 0
0.0 0
21.0 8.156436
0.0 0
0.0 0
24.0 15.480788
0.0 0
0.0 0
0.0 0
0.0 0
29.0 11.099001
0.0 0
31.0 15.168324
0.0 0
33.0 15.550523
0.0 0
0.0 0
0.0 0
37.0 14.949623
0.0 0
0.0 0
0.0 0
41.0 14.266774
0.0 0
0.0 0
44.0 12.558148
0.0 0
0.0 0
0.0 0
48.0 11.214919
0.0 0
50.0 7.820503
0.0 0
0.0 0
53.0 10.026561
0.0 0
0.0 0
0.0 0
57.0 16.978504
0.0 0
0.0 0
60.0 15.816119
0.0 0
62.0 13.404245
0.0 0
64.0 16.420769
0.0 0
66.0 19.508434
0.0 0
0.0 0
69.0 17.831758
0.0 0
71.0 18.001036
0.0 0
0.0 0
74.0 12.933508
0.0 0
0.0 0
77.0 3.202983
0.0 0
79.0 15.955576
0.0 0
0.0 0
82.0 11.928253
0.0 0
0.0 0
85.0 10.9261465
0.0 0
87.0 3.5167422
0.0 0
89.0 8.84841
0.0 0
91.0 15.372958
0.0 0
93.0 9.535029
0.0 0
95.0 16.04913
0.0 0
0.0 0
98.0 9.680352
0.0 0
1.0 8.18383E-5
0.0 0
0.0 0
4.0 0.13608992
0.0 0
6.0 1.8106803
0.0 0
0.0 0
0.0 0
0.0 0
0.0 0
0.0 0
13.0 15.96452
0.0 0
0.0 0
0.0 0
17.0 0.4675504
0.0 0
19.0 7.3127565
0.0 0
21.0 1.7077159
0.0 0
23.0 9.294857
0.0 0
25.0 6.734404
0.0 0
0.0 0
28.0 13.087395
0.0 0
0.0 0
0.0 0
0.0 0
33.0 15.443405
0.0 0
0.0 0
0.0 0
37.0 14.680492
0.0 0
0.0 0
40.0 13.00774
0.0 0
0.0 0
43.0 12.833446
0.0 0
0.0 0
0.0 0
47.0 11.743
0.0 0
49.0 7.799978
0.0 0
51.0 2.5281367
0.0 0
53.0 12.143749
0.0 0
0.0 0
0.0 0
57.0 16.685425
0.0 0
0.0 0
60.0 14.634872
0.0 0
0.0 0
0.0 0
64.0 15.752582
0.0 0
66.0 18.574156
0.0 0
0.0 0
69.0 19.656706
0.0 0
71.0 18.110548
0.0 0
0.0 0
74.0 13.087398
0.0 0
0.0 0
77.0 2.11948
0.0 0
79.0 15.897295
0.0 0
0.0 0
82.0 11.949359
0.0 0
0.0 0
85.0 10.733637
0.0 0
87.0 5.411862
0.0 0
89.0 7.881982
0.0 0
91.0 14.522412
0.0 0
93.0 8.327222
0.0 0
95.0 15.9376745
0.0 0
0.0 0
98.0 9.21997
0.0 0
1.0 8.3372375E-5
0.0 0
0.0 0
4.0 0.16383411
0.0 0
6.0 2.002753
0.0 0
0.0 0
0.0 0
0.0 0
0.0 0
0.0 0
13.0 15.259248
0.0 0
0.0 0
16.0 0.650081
0.0 0
0.0 0
0.0 0
20.0 4.8140326
0.0 0
0.0 0
23.0 6.438521
0.0 0
25.0 8.27716
0.0 0
0.0 0
28.0 12.538582
0.0 0
0.0 0
0.0 0
32.0 14.418954
0.0 0
34.0 12.700179
0.0 0
0.0 0
37.0 14.61962
0.0 0
0.0 0
40.0 12.858577
0.0 0
0.0 0
0.0 0
44.0 12.939717
0.0 0
0.0 0
47.0 12.012357
0.0 0
0.0 0
50.0 4.8837337
0.0 0
0.0 0
0.0 0
54.0 10.156678
0.0 0
0.0 0
57.0 16.194704
0.0 0
0.0 0
60.0 13.965201
0.0 0
0.0 0
0.0 0
64.0 15.71155
0.0 0
66.0 18.405184
0.0 0
0.0 0
69.0 19.7823
0.0 0
71.0 17.736671
0.0 0
0.0 0
74.0 12.687376
0.0 0
76.0 3.3658545
0.0 0
0.0 0
79.0 16.269045
0.0 0
0.0 0
82.0 10.130783
0.0 0
0.0 0
85.0 9.219961
0.0 0
87.0 5.796271
0.0 0
89.0 7.229058
0.0 0
91.0 13.480109
0.0 0
93.0 7.291846
0.0 0
95.0 15.897298
0.0 0
0.0 0
98.0 11.283723
0.0 0
1.0 9.312562E-5
0.0 0
0.0 0
4.0 0.2458152
0.0 0
6.0 0.84656525
0.0 0
0.0 0
0.0 0
0.0 0
0.0 0
0.0 0
13.0 14.875626
0.0 0
0.0 0
16.0 0.73649824
0.0 0
0.0 0
19.0 1.071896
0.0 0
21.0 0.073198594
0.0 0
23.0 8.267136
0.0 0
0.0 0
26.0 6.1534576
0.0 0
28.0 9.617004
0.0 0
0.0 0
0.0 0
32.0 14.486336
0.0 0
34.0 12.603616
0.0 0
0.0 0
37.0 14.387678
0.0 0
0.0 0
40.0 13.026193
0.0 0
0.0 0
0.0 0
44.0 13.093489
0.0 0
0.0 0
47.0 11.970412
0.0 0
0.0 0
50.0 5.380958
0.0 0
0.0 0
53.0 7.479545
0.0 0
0.0 0
0.0 0
57.0 16.216616
0.0 0
0.0 0
60.0 13.491721
0.0 0
0.0 0
0.0 0
64.0 15.4667845
0.0 0
66.0 18.071497
0.0 0
0.0 0
69.0 18.382055
0.0 0
71.0 17.87519
0.0 0
0.0 0
74.0 12.603616
0.0 0
76.0 4.2335157
0.0 0
0.0 0
79.0 16.566525
0.0 0
0.0 0
82.0 7.562605
0.0 0
0.0 0
85.0 8.741718
0.0 0
87.0 5.577401
0.0 0
0.0 0
0.0 0
91.0 10.044007
0.0 0
93.0 5.880049
0.0 0
95.0 15.564421
0.0 0
0.0 0
98.0 8.496323
0.0 0
1.0 6.782104E-5
0.0 0
0.0 0
0.0 0
0.0 0
6.0 1.025083
0.0 0
0.0 0
0.0 0
0.0 0
0.0 0
0.0 0
13.0 15.63363
0.0 0
0.0 0
16.0 0.25729337
0.0 0
0.0 0
19.0 0.20114765
0.0 0
0.0 0
0.0 0
23.0 10.470448
0.0 0
0.0 0
26.0 5.8381333
0.0 0
0.0 0
29.0 11.199555
0.0 0
31.0 13.904701
0.0 0
33.0 14.96926
0.0 0
0.0 0
0.0 0
37.0 14.250884
0.0 0
0.0 0
40.0 13.303956
0.0 0
0.0 0
0.0 0
44.0 13.044604
0.0 0
0.0 0
47.0 11.145558
0.0 0
49.0 9.135175
0.0 0
51.0 1.6239666
0.0 0
0.0 0
54.0 6.966441
0.0 0
0.0 0
57.0 15.798002
0.0 0
0.0 0
60.0 13.20242
0.0 0
62.0 13.578275
0.0 0
64.0 15.919745
0.0 0
66.0 17.139412
0.0 0
0.0 0
69.0 19.153812
0.0 0
71.0 18.677309
0.0 0
73.0 13.658246
0.0 0
0.0 0
76.0 5.1456914
0.0 0
0.0 0
79.0 17.673027
0.0 0
0.0 0
82.0 7.071652
0.0 0
0.0 0
85.0 11.314122
0.0 0
87.0 2.4875267
0.0 0
89.0 10.13079
0.0 0
91.0 7.4066772
0.0 0
93.0 7.562605
0.0 0
95.0 15.527332
0.0 0
0.0 0
98.0 5.5048265
0.0 0
0.0 0
0.0 0
0.0 0
0.0 0
5.0 2.8038955
0.0 0
7.0 1.4944837E-4
0.0 0
0.0 0
0.0 0
0.0 0
0.0 0
13.0 15.9689865
0.0 0
0.0 0
16.0 0.10620347
0.0 0
18.0 0.11213085
0.0 0
0.0 0
0.0 0
0.0 0
23.0 12.83344
0.0 0
25.0 11.857496
0.0 0
0.0 0
28.0 13.410109
0.0 0
0.0 0
31.0 14.138812
0.0 0
33.0 15.596772
0.0 0
0.0 0
0.0 0
37.0 13.827066
0.0 0
0.0 0
40.0 13.7767725
0.0 0
0.0 0
0.0 0
44.0 12.877375
0.0 0
0.0 0
47.0 11.145558
0.0 0
49.0 10.182496
0.0 0
51.0 0.7977579
0.0 0
0.0 0
0.0 0
0.0 0
0.0 0
57.0 15.779855
0.0 0
0.0 0
60.0 12.712968
0.0 0
62.0 13.641172
0.0 0
64.0 13.9597225
0.0 0
66.0 17.343437
0.0 0
0.0 0
69.0 16.621853
0.0 0
71.0 17.98927
0.0 0
0.0 0
74.0 13.743081
0.0 0
76.0 9.116254
0.0 0
0.0 0
79.0 18.176775
0.0 0
0.0 0
82.0 9.068819
0.0 0
0.0 0
85.0 9.52588
0.0 0
87.0 8.575284
0.0 0
89.0 8.761183
0.0 0
91.0 9.516723
0.0 0
93.0 8.085646
0.0 0
95.0 15.847755
0.0 0
0.0 0
98.0 7.851273
0.0 0
1.0 0.002900105
0.0 0
0.0 0
0.0 0
5.0 3.6542025
0.0 0
7.0 0.0010326534
0.0 0
0.0 0
0.0 0
0.0 0
0.0 0
13.0 16.519539
0.0 0
0.0 0
16.0 0.35964337
0.0 0
0.0 0
0.0 0
20.0 0.46261013
0.0 0
0.0 0
23.0 14.008932
0.0 0
25.0 12.081774
0.0 0
0.0 0
28.0 12.259519
0.0 0
0.0 0
31.0 14.25088
0.0 0
33.0 14.870671
0.0 0
0.0 0
36.0 13.899177
0.0 0
38.0 10.83041
0.0 0
40.0 13.754332
0.0 0
0.0 0
0.0 0
44.0 12.648826
0.0 0
0.0 0
47.0 10.926144
0.0 0
49.0 10.310602
0.0 0
51.0 0.31155366
0.0 0
0.0 0
54.0 5.4221754
0.0 0
0.0 0
57.0 15.297291
0.0 0
0.0 0
60.0 11.036535
0.0 0
62.0 13.129964
0.0 0
64.0 14.745985
0.0 0
66.0 18.008871
0.0 0
0.0 0
69.0 17.34749
0.0 0
71.0 17.99711
0.0 0
0.0 0
74.0 14.51212
0.0 0
0.0 0
77.0 9.443235
0.0 0
79.0 18.48597
0.0 0
0.0 0
82.0 7.3858285
0.0 0
0.0 0
85.0 6.3751245
0.0 0
87.0 11.075632
0.0 0
89.0 10.611199
0.0 0
0.0 0
92.0 11.344421
0.0 0
0.0 0
95.0 15.606003
0.0 0
97.0 9.850435
0.0 0
99.0 2.1981316
0.0 0
2.0 0.010836251
0.0 0
0.0 0
5.0 5.5151887
0.0 0
0.0 0
0.0 0
0.0 0
0.0 0
0.0 0
0.0 0
13.0 17.323145
0.0 0
0.0 0
16.0 2.8555355
0.0 0
0.0 0
19.0 0.29353234
0.0 0
0.0 0
0.0 0
23.0 14.111915
0.0 0
25.0 11.914153
0.0 0
0.0 0
28.0 11.11455
0.0 0
0.0 0
31.0 13.8493185
0.0 0
33.0 14.240269
0.0 0
0.0 0
36.0 14.041592
0.0 0
38.0 11.13782
0.0 0
40.0 13.709251
0.0 0
0.0 0
0.0 0
44.0 12.53205
0.0 0
0.0 0
47.0 11.106781
0.0 0
49.0 10.741744
0.0 0
51.0 0.067939214
0.0 0
0.0 0
54.0 6.766074
0.0 0
0.0 0
57.0 15.201918
0.0 0
0.0 0
60.0 11.706891
0.0 0
62.0 11.82189
0.0 0
64.0 15.187532
0.0 0
66.0 17.926405
0.0 0
0.0 0
69.0 17.011644
0.0 0
71.0 18.409039
0.0 0
0.0 0
74.0 15.81612
0.0 0
76.0 9.360004
0.0 0
0.0 0
79.0 18.250572
0.0 0
81.0 4.0752745
0.0 0
0.0 0
84.0 5.8172007
0.0 0
0.0 0
87.0 9.788081
0.0 0
89.0 12.712965
0.0 0
0.0 0
0.0 0
93.0 10.302107
0.0 0
95.0 15.545892
0.0 0
97.0 9.671318
0.0 0
99.0 2.9304404
0.0 0
0.0 0
0.0 0
0.0 0
5.0 9.2761755
0.0 0
0.0 0
8.0 0.07384094
0.0 0
0.0 0
0.0 0
0.0 0
13.0 17.180416
0.0 0
0.0 0
16.0 1.6728181
0.0 0
0.0 0
19.0 0.18021327
0.0 0
0.0 0
0.0 0
0.0 0
24.0 12.661695
0.0 0
26.0 10.627623
0.0 0
28.0 11.449594
0.0 0
0.0 0
31.0 13.142083
0.0 0
33.0 13.123895
0.0 0
0.0 0
36.0 14.245578
0.0 0
38.0 11.685146
0.0 0
40.0 13.893651
0.0 0
42.0 10.660377
0.0 0
44.0 12.776607
0.0 0
0.0 0
47.0 10.693013
0.0 0
49.0 9.116254
0.0 0
51.0 0.09721476
0.0 0
0.0 0
54.0 8.877363
0.0 0
0.0 0
0.0 0
58.0 15.793467
0.0 0
60.0 11.41218
0.0 0
0.0 0
0.0 0
64.0 15.797999
0.0 0
66.0 17.581171
0.0 0
0.0 0
69.0 15.834205
0.0 0
71.0 17.973568
0.0 0
0.0 0
74.0 14.197698
0.0 0
76.0 10.741736
0.0 0
0.0 0
79.0 18.238934
0.0 0
0.0 0
82.0 4.308995
0.0 0
0.0 0
85.0 8.004419
0.0 0
87.0 7.841015
0.0 0
89.0 12.53205
0.0 0
0.0 0
92.0 10.684858
0.0 0
0.0 0
95.0 15.619824
0.0 0
0.0 0
98.0 9.956469
0.0 0
0.0 0
0.0 0
0.0 0
0.0 0
5.0 13.904701
0.0 0
7.0 1.7432003
0.0 0
0.0 0
0.0 0
0.0 0
0.0 0
13.0 16.60485
0.0 0
0.0 0
16.0 4.010995
0.0 0
0.0 0
0.0 0
0.0 0
0.0 0
0.0 0
23.0 13.214427
0.0 0
25.0 12.259519
0.0 0
0.0 0
28.0 11.79329
0.0 0
0.0 0
31.0 13.220429
0.0 0
33.0 12.7955885
0.0 0
0.0 0
36.0 14.382456
0.0 0
38.0 12.0610075
0.0 0
40.0 13.976161
0.0 0
42.0 11.501699
0.0 0
44.0 13.05685
0.0 0
0.0 0
47.0 9.982806
0.0 0
0.0 0
50.0 10.6767025
0.0 0
0.0 0
0.0 0
54.0 10.369798
0.0 0
0.0 0
0.0 0
58.0 15.587543
0.0 0
60.0 10.130784
0.0 0
0.0 0
63.0 15.273527
0.0 0
0.0 0
66.0 18.153423
0.0 0
0.0 0
69.0 16.000214
0.0 0
71.0 18.130047
0.0 0
0.0 0
74.0 13.584015
0.0 0
0.0 0
77.0 13.315824
0.0 0
79.0 18.316402
0.0 0
0.0 0
82.0 6.3434186
0.0 0
84.0 8.446767
0.0 0
0.0 0
87.0 10.20825
0.0 0
89.0 12.37365
0.0 0
0.0 0
92.0 11.389656
0.0 0
0.0 0
95.0 15.679532
0.0 0
0.0 0
98.0 10.000328
0.0 0
0.0 0
2.0 1.0415949
0.0 0
0.0 0
5.0 14.486334
0.0 0
7.0 4.774368
0.0 0
0.0 0
0.0 0
0.0 0
0.0 0
13.0 14.470831
0.0 0
0.0 0
16.0 5.3193026
0.0 0
0.0 0
0.0 0
0.0 0
0.0 0
0.0 0
23.0 14.144183
0.0 0
25.0 11.464511
0.0 0
0.0 0
28.0 10.9657345
0.0 0
0.0 0
0.0 0
0.0 0
33.0 13.439345
0.0 0
0.0 0
36.0 14.470831
0.0 0
38.0 11.850392
0.0 0
40.0 13.726186
0.0 0
42.0 11.509112
0.0 0
44.0 12.808229
0.0 0
46.0 10.1996765
0.0 0
0.0 0
0.0 0
50.0 11.434649
0.0 0
0.0 0
0.0 0
54.0 10.512065
0.0 0
0.0 0
57.0 15.541254
0.0 0
0.0 0
60.0 9.779143
0.0 0
0.0 0
0.0 0
64.0 15.419974
0.0 0
66.0 18.627691
0.0 0
0.0 0
69.0 17.061222
0.0 0
71.0 18.067587
0.0 0
0.0 0
74.0 14.197698
0.0 0
0.0 0
77.0 10.627623
0.0 0
79.0 18.133945
0.0 0
0.0 0
0.0 0
83.0 9.859313
0.0 0
0.0 0
0.0 0
87.0 10.165285
0.0 0
89.0 11.6195755
0.0 0
0.0 0
92.0 12.259519
0.0 0
0.0 0
95.0 15.865797
0.0 0
0.0 0
98.0 7.727971
0.0 0
1.0 0.39954147
0.0 0
0.0 0
0.0 0
5.0 14.314281
0.0 0
0.0 0
8.0 5.587779
0.0 0
0.0 0
0.0 0
0.0 0
0.0 0
14.0 15.748032
0.0 0
16.0 6.132378
0.0 0
18.0 0.6862987
0.0 0
0.0 0
0.0 0
0.0 0
0.0 0
24.0 13.6126375
0.0 0
26.0 9.154068
0.0 0
28.0 11.207241
0.0 0
0.0 0
0.0 0
32.0 13.33949
0.0 0
34.0 10.052715
0.0 0
36.0 14.670375
0.0 0
38.0 12.109375
0.0 0
40.0 13.720543
0.0 0
42.0 11.634184
0.0 0
44.0 12.571165
0.0 0
46.0 10.965727
0.0 0
0.0 0
49.0 10.352921
0.0 0
51.0 1.346561
0.0 0
0.0 0
0.0 0
55.0 7.8102365
0.0 0
0.0 0
58.0 15.829687
0.0 0
60.0 8.30722
0.0 0
0.0 0
0.0 0
64.0 16.009123
0.0 0
66.0 18.574158
0.0 0
0.0 0
69.0 18.141737
0.0 0
71.0 17.92247
0.0 0
73.0 16.04469
0.0 0
0.0 0
76.0 10.741736
0.0 0
0.0 0
79.0 18.036293
0.0 0
0.0 0
0.0 0
83.0 11.836155
0.0 0
85.0 2.5213404
0.0 0
87.0 11.199555
0.0 0
89.0 8.925487
0.0 0
0.0 0
92.0 16.286472
0.0 0
0.0 0
95.0 15.901791
0.0 0
0.0 0
98.0 9.332126
0.0 0
1.0 4.597486
0.0 0
3.0 6.871601
0.0 0
5.0 13.105669
0.0 0
7.0 9.635135
0.0 0
0.0 0
0.0 0
0.0 0
0.0 0
0.0 0
14.0 16.727648
0.0 0
16.0 8.367178
0.0 0
18.0 3.7947228
0.0 0
20.0 6.417397
0.0 0
0.0 0
0.0 0
24.0 13.1178255
0.0 0
0.0 0
0.0 0
28.0 13.904701
0.0 0
0.0 0
0.0 0
0.0 0
33.0 13.561038
0.0 0
0.0 0
36.0 14.614531
0.0 0
38.0 12.191617
0.0 0
40.0 13.860426
0.0 0
42.0 11.836152
0.0 0
44.0 13.026193
0.0 0
46.0 11.771772
0.0 0
0.0 0
0.0 0
50.0 11.449594
0.0 0
52.0 6.0165586
0.0 0
54.0 5.329565
0.0 0
0.0 0
0.0 0
58.0 15.9376745
0.0 0
60.0 8.186696
0.0 0
0.0 0
0.0 0
64.0 15.843239
0.0 0
66.0 19.093718
0.0 0
0.0 0
69.0 18.343456
0.0 0
71.0 17.914598
0.0 0
73.0 16.53237
0.0 0
0.0 0
76.0 11.099009
0.0 0
0.0 0
79.0 17.740644
0.0 0
81.0 10.701141
0.0 0
83.0 12.313432
0.0 0
0.0 0
0.0 0
87.0 11.634191
0.0 0
89.0 9.535025
0.0 0
0.0 0
92.0 17.221321
0.0 0
0.0 0
95.0 15.995762
0.0 0
0.0 0
98.0 10.043998
0.0 0
1.0 12.340252
0.0 0
3.0 11.268484
0.0 0
5.0 14.219008
0.0 0
7.0 14.192359
0.0 0
0.0 0
0.0 0
0.0 0
0.0 0
0.0 0
14.0 16.936981
0.0 0
0.0 0
17.0 14.470831
0.0 0
0.0 0
20.0 9.14462
0.0 0
0.0 0
0.0 0
24.0 11.314127
0.0 0
0.0 0
0.0 0
28.0 15.748028
0.0 0
0.0 0
0.0 0
0.0 0
33.0 14.496656
0.0 0
0.0 0
36.0 14.6399555
0.0 0
38.0 11.8575
0.0 0
40.0 13.026193
0.0 0
42.0 13.327668
0.0 0
44.0 12.757563
0.0 0
46.0 10.259558
0.0 0
0.0 0
49.0 12.512422
0.0 0
51.0 10.8063135
0.0 0
53.0 7.8512683
0.0 0
55.0 6.480794
0.0 0
0.0 0
58.0 14.875625
0.0 0
60.0 8.436845
0.0 0
0.0 0
0.0 0
64.0 15.066865
0.0 0
66.0 19.052336
0.0 0
0.0 0
69.0 17.282488
0.0 0
71.0 17.94607
0.0 0
73.0 15.541257
0.0 0
0.0 0
76.0 12.446638
0.0 0
0.0 0
79.0 18.703987
0.0 0
0.0 0
0.0 0
83.0 13.050728
0.0 0
85.0 12.1643
0.0 0
87.0 13.099579
0.0 0
0.0 0
0.0 0
0.0 0
92.0 17.31502
0.0 0
0.0 0
95.0 16.18154
0.0 0
0.0 0
98.0 15.40589
0.0 0
0.0 0
2.0 0.6347711
0.0 0
0.0 0
5.0 14.444926
0.0 0
7.0 0.021414518
0.0 0
0.0 0
0.0 0
0.0 0
0.0 0
13.0 15.35881
0.0 0
0.0 0
16.0 2.0663176
0.0 0
0.0 0
0.0 0
0.0 0
21.0 13.129964
0.0 0
0.0 0
0.0 0
25.0 13.910222
0.0 0
0.0 0
28.0 16.013577
0.0 0
0.0 0
31.0 15.642825
0.0 0
33.0 14.614531
0.0 0
0.0 0
36.0 14.1656275
0.0 0
38.0 12.789267
0.0 0
40.0 11.685146
0.0 0
42.0 14.398114
0.0 0
44.0 12.921067
0.0 0
46.0 10.495433
0.0 0
48.0 8.963862
0.0 0
0.0 0
0.0 0
52.0 10.052714
0.0 0
54.0 6.639325
0.0 0
0.0 0
0.0 0
58.0 15.816116
0.0 0
60.0 8.136238
0.0 0
0.0 0
0.0 0
64.0 15.287792
0.0 0
66.0 19.760166
0.0 0
0.0 0
69.0 17.278416
0.0 0
71.0 18.059769
0.0 0
73.0 15.892804
0.0 0
0.0 0
76.0 13.321745
0.0 0
0.0 0
79.0 19.73802
0.0 0
81.0 14.517267
0.0 0
83.0 15.047424
0.0 0
85.0 13.709251
0.0 0
87.0 14.491498
0.0 0
0.0 0
0.0 0
0.0 0
92.0 17.728727
0.0 0
0.0 0
95.0 16.459501
0.0 0
0.0 0
98.0 18.688744
0.0 0
0.0 0
0.0 0
3.0 16.40783
0.0 0
5.0 17.617167
0.0 0
7.0 9.903587
0.0 0
0.0 0
0.0 0
0.0 0
0.0 0
0.0 0
14.0 16.681194
0.0 0
16.0 6.5864897
0.0 0
0.0 0
0.0 0
0.0 0
21.0 13.765562
0.0 0
0.0 0
0.0 0
25.0 16.225367
0.0 0
0.0 0
0.0 0
29.0 17.073595
0.0 0
31.0 16.390562
0.0 0
33.0 14.057872
0.0 0
0.0 0
0.0 0
0.0 0
38.0 12.37365
0.0 0
0.0 0
0.0 0
42.0 10.2510195
0.0 0
44.0 11.721353
0.0 0
0.0 0
47.0 14.675433
0.0 0
49.0 13.503317
0.0 0
0.0 0
52.0 13.351305
0.0 0
54.0 9.424795
0.0 0
0.0 0
0.0 0
58.0 15.906282
0.0 0
60.0 6.364555
0.0 0
0.0 0
0.0 0
0.0 0
0.0 0
66.0 19.749094
0.0 0
0.0 0
69.0 17.867302
0.0 0
71.0 18.393621
0.0 0
0.0 0
74.0 15.71155
0.0 0
0.0 0
77.0 18.11445
0.0 0
79.0 20.937122
0.0 0
81.0 18.593288
0.0 0
83.0 16.778158
0.0 0
85.0 15.40589
0.0 0
87.0 16.1111
0.0 0
89.0 16.94945
0.0 0
0.0 0
92.0 19.852314
0.0 0
0.0 0
0.0 0
96.0 16.920341
0.0 0
98.0 17.01992
0.0 0
1.0 16.899515
0.0 0
3.0 16.360289
0.0 0
5.0 18.420593
0.0 0
7.0 16.399199
0.0 0
0.0 0
0.0 0
0.0 0
0.0 0
0.0 0
14.0 16.891176
0.0 0
0.0 0
17.0 16.912014
0.0 0
0.0 0
20.0 17.938206
0.0 0
0.0 0
0.0 0
0.0 0
25.0 16.974358
0.0 0
0.0 0
28.0 18.528185
0.0 0
0.0 0
31.0 19.02597
0.0 0
33.0 11.397167
0.0 0
0.0 0
0.0 0
0.0 0
38.0 8.877363
0.0 0
0.0 0
41.0 8.014599
0.0 0
43.0 9.698383
0.0 0
0.0 0
46.0 12.995418
0.0 0
48.0 14.074122
0.0 0
0.0 0
51.0 12.157456
0.0 0
0.0 0
54.0 11.06002
0.0 0
0.0 0
0.0 0
58.0 16.519539
0.0 0
60.0 11.8716955
0.0 0
0.0 0
0.0 0
0.0 0
0.0 0
0.0 0
67.0 21.153028
0.0 0
69.0 20.528423
0.0 0
71.0 18.703987
0.0 0
0.0 0
74.0 15.7571335
0.0 0
76.0 16.811731
0.0 0
0.0 0
79.0 19.284887
0.0 0
0.0 0
82.0 19.426628
0.0 0
0.0 0
0.0 0
86.0 18.715414
0.0 0
0.0 0
89.0 18.980728
0.0 0
0.0 0
92.0 20.846945
0.0 0
0.0 0
0.0 0
96.0 17.549118
0.0 0
98.0 19.262453
0.0 0
1.0 18.976954
0.0 0
3.0 18.833208
0.0 0
5.0 18.852161
0.0 0
7.0 17.135307
0.0 0
0.0 0
0.0 0
0.0 0
0.0 0
0.0 0
14.0 17.085957
0.0 0
0.0 0
0.0 0
0.0 0
0.0 0
0.0 0
21.0 17.811985
0.0 0
0.0 0
0.0 0
25.0 17.13531
0.0 0
0.0 0
28.0 18.094934
0.0 0
0.0 0
31.0 17.147623
0.0 0
33.0 15.129795
0.0 0
0.0 0
0.0 0
37.0 16.004673
0.0 0
0.0 0
40.0 17.18451
0.0 0
42.0 15.870298
0.0 0
0.0 0
0.0 0
46.0 18.646786
0.0 0
48.0 19.010897
0.0 0
50.0 18.810446
0.0 0
0.0 0
0.0 0
54.0 19.123777
0.0 0
0.0 0
0.0 0
58.0 19.730635
0.0 0
0.0 0
61.0 14.771053
0.0 0
0.0 0
0.0 0
0.0 0
0.0 0
67.0 21.750565
0.0 0
69.0 20.611845
0.0 0
71.0 19.037273
0.0 0
0.0 0
74.0 15.725245
0.0 0
76.0 15.008421
0.0 0
78.0 15.368246
0.0 0
0.0 0
0.0 0
82.0 20.470316
0.0 0
84.0 17.69692
0.0 0
86.0 18.45907
0.0 0
0.0 0
89.0 19.445236
0.0 0
0.0 0
92.0 21.181767
0.0 0
0.0 0
95.0 16.731863
0.0 0
0.0 0
98.0 18.581812
0.0 0
0.0 0
2.0 17.517006
0.0 0
0.0 0
0.0 0
6.0 20.655321
0.0 0
8.0 12.232429
0.0 0
0.0 0
0.0 0
0.0 0
0.0 0
14.0 17.110651
0.0 0
16.0 16.53237
0.0 0
0.0 0
0.0 0
0.0 0
21.0 19.763857
0.0 0
0.0 0
24.0 17.408216
0.0 0
26.0 6.8715963
0.0 0
0.0 0
29.0 19.87072
0.0 0
0.0 0
32.0 20.94433
0.0 0
34.0 15.443405
0.0 0
36.0 18.62005
0.0 0
38.0 17.625158
0.0 0
40.0 18.66205
0.0 0
42.0 15.443402
0.0 0
44.0 17.855463
0.0 0
0.0 0
47.0 18.393621
0.0 0
49.0 18.339594
0.0 0
51.0 15.716118
0.0 0
0.0 0
54.0 17.565151
0.0 0
0.0 0
0.0 0
58.0 18.681124
0.0 0
0.0 0
61.0 13.202416
0.0 0
0.0 0
64.0 18.157316
0.0 0
0.0 0
67.0 21.62214
0.0 0
69.0 20.277365
0.0 0
71.0 19.003357
0.0 0
0.0 0
74.0 17.96179
0.0 0
0.0 0
77.0 17.278414
0.0 0
0.0 0
0.0 0
81.0 20.025017
0.0 0
83.0 19.284885
0.0 0
85.0 20.288303
0.0 0
87.0 20.861382
0.0 0
89.0 20.640833
0.0 0
0.0 0
0.0 0
93.0 21.447016
0.0 0
0.0 0
96.0 18.067587
0.0 0
98.0 15.003534
0.0 0
1.0 17.14352
0.0 0
3.0 17.040583
0.0 0
0.0 0
6.0 18.20399
0.0 0
8.0 6.5864897
0.0 0
0.0 0
0.0 0
0.0 0
0.0 0
0.0 0
15.0 18.639149
0.0 0
17.0 19.180069
0.0 0
19.0 18.141737
0.0 0
21.0 16.399199
0.0 0
0.0 0
24.0 21.28583
0.0 0
26.0 13.663926
0.0 0
0.0 0
29.0 20.455778
0.0 0
0.0 0
32.0 19.837585
0.0 0
34.0 16.035809
0.0 0
36.0 19.307306
0.0 0
38.0 18.855947
0.0 0
40.0 18.219526
0.0 0
42.0 19.217539
0.0 0
44.0 22.180857
0.0 0
0.0 0
47.0 15.244946
0.0 0
0.0 0
0.0 0
51.0 16.13756
0.0 0
0.0 0
0.0 0
0.0 0
56.0 18.844584
0.0 0
58.0 17.597178
0.0 0
60.0 11.184159
0.0 0
0.0 0
0.0 0
64.0 18.420593
0.0 0
0.0 0
67.0 20.481216
0.0 0
69.0 19.833902
0.0 0
71.0 18.497492
0.0 0
0.0 0
74.0 18.036293
0.0 0
76.0 17.71283
0.0 0
78.0 16.953604
0.0 0
0.0 0
0.0 0
82.0 21.664972
0.0 0
84.0 21.464903
0.0 0
0.0 0
0.0 0
88.0 21.246374
0.0 0
0.0 0
0.0 0
92.0 21.425545
0.0 0
94.0 17.752554
0.0 0
0.0 0
0.0 0
98.0 19.947935
0.0 0
0.0 0
0.0 0
0.0 0
0.0 0
0.0 0
0.0 0
7.0 20.37575
0.0 0
0.0 0
0.0 0
0.0 0
0.0 0
0.0 0
0.0 0
15.0 17.716808
0.0 0
17.0 16.549456
0.0 0
19.0 16.399199
0.0 0
0.0 0
0.0 0
23.0 20.123922
0.0 0
25.0 20.528421
0.0 0
0.0 0
0.0 0
29.0 21.253551
0.0 0
0.0 0
32.0 21.747
0.0 0
34.0 13.624069
0.0 0
36.0 17.62915
0.0 0
38.0 20.069
0.0 0
40.0 20.655321
0.0 0
42.0 22.12052
0.0 0
44.0 18.73825
0.0 0
46.0 12.945928
0.0 0
0.0 0
0.0 0
0.0 0
0.0 0
52.0 18.001032
0.0 0
0.0 0
55.0 18.950525
0.0 0
0.0 0
58.0 17.1312
0.0 0
60.0 10.122142
0.0 0
0.0 0
0.0 0
64.0 18.516678
0.0 0
0.0 0
67.0 20.539312
0.0 0
69.0 19.980986
0.0 0
71.0 19.21754
0.0 0
0.0 0
74.0 18.339594
0.0 0
0.0 0
77.0 18.130045
0.0 0
0.0 0
0.0 0
81.0 22.36165
0.0 0
83.0 21.325264
0.0 0
85.0 16.773952
0.0 0
0.0 0
0.0 0
89.0 22.34748
0.0 0
0.0 0
0.0 0
93.0 21.853878
0.0 0
0.0 0
0.0 0
0.0 0
0.0 0
0.0 0
0.0 0
2.0 22.782356
0.0 0
4.0 22.450161
0.0 0
6.0 22.21633
0.0 0
8.0 14.008939
0.0 0
0.0 0
0.0 0
0.0 0
0.0 0
14.0 17.335323
0.0 0
0.0 0
0.0 0
0.0 0
0.0 0
0.0 0
21.0 22.59517
0.0 0
23.0 19.269934
0.0 0
0.0 0
26.0 18.49365
0.0 0
0.0 0
29.0 20.189743
0.0 0
0.0 0
32.0 19.322243
0.0 0
34.0 11.885878
0.0 0
36.0 16.416456
0.0 0
38.0 20.59372
0.0 0
40.0 21.896591
0.0 0
42.0 22.775297
0.0 0
44.0 10.8063135
0.0 0
0.0 0
0.0 0
48.0 13.893655
0.0 0
0.0 0
0.0 0
0.0 0
0.0 0
54.0 18.289316
0.0 0
56.0 16.242855
0.0 0
58.0 16.390562
0.0 0
60.0 12.77026
0.0 0
0.0 0
0.0 0
64.0 18.281572
0.0 0
0.0 0
67.0 20.423054
0.0 0
69.0 19.885439
0.0 0
0.0 0
72.0 18.920294
0.0 0
74.0 19.071148
0.0 0
0.0 0
0.0 0
78.0 19.741713
0.0 0
0.0 0
81.0 22.156015
0.0 0
83.0 21.661404
0.0 0
85.0 20.734936
0.0 0
0.0 0
0.0 0
0.0 0
90.0 22.761179
0.0 0
92.0 21.278658
0.0 0
94.0 18.855953
0.0 0
0.0 0
0.0 0
98.0 20.619095
0.0 0
1.0 22.90229
0.0 0
3.0 21.775515
0.0 0
5.0 20.644455
0.0 0
7.0 19.630804
0.0 0
0.0 0
0.0 0
0.0 0
0.0 0
0.0 0
0.0 0
15.0 20.6517
0.0 0
0.0 0
18.0 23.169985
0.0 0
20.0 22.591637
0.0 0
22.0 18.650604
0.0 0
0.0 0
0.0 0
0.0 0
0.0 0
28.0 21.127878
0.0 0
0.0 0
0.0 0
32.0 19.815481
0.0 0
34.0 14.8110285
0.0 0
0.0 0
0.0 0
0.0 0
0.0 0
40.0 22.895237
0.0 0
42.0 20.521162
0.0 0
0.0 0
0.0 0
0.0 0
47.0 14.208357
0.0 0
0.0 0
0.0 0
0.0 0
52.0 17.290627
0.0 0
0.0 0
55.0 16.579311
0.0 0
57.0 16.390562
0.0 0
0.0 0
60.0 15.4667845
0.0 0
0.0 0
63.0 18.916515
0.0 0
0.0 0
0.0 0
67.0 21.05596
0.0 0
69.0 19.90383
0.0 0
0.0 0
0.0 0
0.0 0
74.0 19.837584
0.0 0
76.0 21.518541
0.0 0
0.0 0
79.0 21.328848
0.0 0
0.0 0
0.0 0
83.0 21.310926
0.0 0
85.0 21.06675
0.0 0
0.0 0
0.0 0
0.0 0
90.0 22.690563
0.0 0
92.0 21.217667
0.0 0
94.0 16.740294
0.0 0
0.0 0
97.0 21.447012
0.0 0
0.0 0
1.0 20.767475
0.0 0
3.0 18.389767
0.0 0
5.0 16.264685
0.0 0
7.0 14.429352
0.0 0
0.0 0
0.0 0
0.0 0
0.0 0
0.0 0
0.0 0
0.0 0
16.0 20.640833
0.0 0
18.0 18.133945
0.0 0
20.0 17.151724
0.0 0
0.0 0
0.0 0
0.0 0
25.0 23.053814
0.0 0
27.0 22.694096
0.0 0
29.0 19.763857
0.0 0
0.0 0
32.0 22.219877
0.0 0
34.0 13.075194
0.0 0
0.0 0
37.0 21.34318
0.0 0
39.0 19.340906
0.0 0
41.0 16.20347
0.0 0
0.0 0
44.0 17.274342
0.0 0
46.0 7.861503
0.0 0
0.0 0
0.0 0
50.0 17.533068
0.0 0
0.0 0
53.0 16.953604
0.0 0
0.0 0
56.0 17.286556
0.0 0
58.0 16.194702
0.0 0
60.0 16.676962
0.0 0
0.0 0
0.0 0
0.0 0
65.0 20.138557
0.0 0
67.0 21.25355
0.0 0
69.0 20.332047
0.0 0
71.0 19.752783
0.0 0
73.0 23.300133
0.0 0
75.0 21.63999
0.0 0
0.0 0
78.0 22.722345
0.0 0
80.0 23.03268
0.0 0
82.0 20.528421
0.0 0
0.0 0
85.0 20.619093
0.0 0
87.0 20.295599
0.0 0
0.0 0
0.0 0
91.0 21.953516
0.0 0
93.0 21.949957
0.0 0
95.0 17.036453
0.0 0
0.0 0
0.0 0
99.0 20.31747
0.0 0
0.0 0
3.0 19.749094
0.0 0
0.0 0
0.0 0
7.0 17.930338
0.0 0
0.0 0
0.0 0
0.0 0
0.0 0
0.0 0
0.0 0
0.0 0
0.0 0
0.0 0
0.0 0
0.0 0
20.0 20.951538
0.0 0
22.0 21.26431
0.0 0
24.0 19.228773
0.0 0
26.0 17.306894
0.0 0
28.0 16.941137
0.0 0
0.0 0
0.0 0
32.0 20.716854
0.0 0
34.0 12.143747
0.0 0
0.0 0
0.0 0
0.0 0
0.0 0
40.0 22.941069
0.0 0
42.0 15.448085
0.0 0
44.0 11.253214
0.0 0
0.0 0
47.0 15.951104
0.0 0
0.0 0
50.0 14.144183
0.0 0
0.0 0
0.0 0
54.0 15.3823805
0.0 0
0.0 0
0.0 0
58.0 17.3556
0.0 0
60.0 15.986842
0.0 0
0.0 0
0.0 0
0.0 0
65.0 21.05596
0.0 0
67.0 23.000975
0.0 0
0.0 0
70.0 23.500408
0.0 0
0.0 0
0.0 0
74.0 23.92126
0.0 0
0.0 0
77.0 23.043247
0.0 0
79.0 22.177307
0.0 0
81.0 21.557856
0.0 0
0.0 0
84.0 20.734936
0.0 0
0.0 0
87.0 21.836075
0.0 0
89.0 21.536413
0.0 0
91.0 21.967737
0.0 0
93.0 21.429123
0.0 0
0.0 0
96.0 21.091927
0.0 0
0.0 0
0.0 0
0.0 0
0.0 0
0.0 0
4.0 22.241156
0.0 0
0.0 0
7.0 21.928614
0.0 0
0.0 0
0.0 0
0.0 0
0.0 0
0.0 0
0.0 0
0.0 0
16.0 20.89746
0.0 0
18.0 19.456398
0.0 0
20.0 18.114449
0.0 0
0.0 0
23.0 14.766043
0.0 0
0.0 0
0.0 0
27.0 16.172754
0.0 0
0.0 0
0.0 0
0.0 0
32.0 21.120687
0.0 0
34.0 9.877048
0.0 0
36.0 23.15591
0.0 0
38.0 22.36165
0.0 0
40.0 19.165066
0.0 0
42.0 9.106779
0.0 0
0.0 0
0.0 0
46.0 16.630346
0.0 0
0.0 0
0.0 0
0.0 0
0.0 0
52.0 15.462111
0.0 0
54.0 15.960051
0.0 0
0.0 0
57.0 17.601177
0.0 0
0.0 0
60.0 17.286554
0.0 0
0.0 0
0.0 0
0.0 0
65.0 21.550709
0.0 0
67.0 23.728495
0.0 0
0.0 0
70.0 24.243277
0.0 0
0.0 0
0.0 0
74.0 24.019321
0.0 0
76.0 24.012318
0.0 0
0.0 0
79.0 23.675884
0.0 0
81.0 21.761257
0.0 0
0.0 0
84.0 18.837
0.0 0
0.0 0
0.0 0
88.0 22.60224
0.0 0
0.0 0
0.0 0
92.0 21.346764
0.0 0
94.0 18.008877
0.0 0
0.0 0
0.0 0
98.0 21.889475
0.0 0
1.0 22.722347
0.0 0
3.0 22.1915
0.0 0
5.0 21.386162
0.0 0
7.0 20.466679
0.0 0
0.0 0
0.0 0
0.0 0
0.0 0
0.0 0
14.0 17.740644
0.0 0
0.0 0
17.0 15.977917
0.0 0
19.0 15.865792
0.0 0
0.0 0
0.0 0
0.0 0
0.0 0
0.0 0
26.0 21.01277
0.0 0
0.0 0
0.0 0
0.0 0
31.0 21.447016
0.0 0
33.0 18.428293
0.0 0
0.0 0
0.0 0
37.0 21.00917
0.0 0
39.0 14.870671
0.0 0
0.0 0
0.0 0
0.0 0
0.0 0
45.0 16.290829
0.0 0
47.0 2.6247942
0.0 0
0.0 0
0.0 0
0.0 0
0.0 0
53.0 16.493843
0.0 0
0.0 0
56.0 17.796154
0.0 0
58.0 16.022476
0.0 0
60.0 17.669044
0.0 0
0.0 0
63.0 19.693687
0.0 0
65.0 21.557852
0.0 0
0.0 0
68.0 24.173315
0.0 0
70.0 23.58817
0.0 0
0.0 0
73.0 24.096333
0.0 0
75.0 24.917294
0.0 0
77.0 22.436005
0.0 0
79.0 21.650698
0.0 0
0.0 0
82.0 18.616232
0.0 0
0.0 0
85.0 21.654266
0.0 0
0.0 0
0.0 0
89.0 21.611431
0.0 0
0.0 0
0.0 0
93.0 21.511393
0.0 0
0.0 0
0.0 0
0.0 0
98.0 21.939285
0.0 0
1.0 20.517532
0.0 0
3.0 18.855951
0.0 0
0.0 0
6.0 18.462915
0.0 0
8.0 1.2581586
0.0 0
0.0 0
0.0 0
0.0 0
0.0 0
14.0 17.549114
0.0 0
0.0 0
0.0 0
0.0 0
0.0 0
20.0 21.889475
0.0 0
0.0 0
0.0 0
0.0 0
0.0 0
0.0 0
27.0 22.881134
0.0 0
29.0 20.951536
0.0 0
0.0 0
32.0 19.482426
0.0 0
0.0 0
0.0 0
0.0 0
37.0 20.937122
0.0 0
39.0 4.3660154
0.0 0
0.0 0
0.0 0
0.0 0
44.0 16.493843
0.0 0
0.0 0
47.0 4.9538016
0.0 0
0.0 0
0.0 0
0.0 0
0.0 0
0.0 0
54.0 19.172565
0.0 0
56.0 15.531976
0.0 0
58.0 15.2114935
0.0 0
60.0 16.861958
0.0 0
62.0 17.949999
0.0 0
0.0 0
0.0 0
0.0 0
0.0 0
68.0 24.596237
0.0 0
70.0 24.634645
0.0 0
0.0 0
73.0 24.473986
0.0 0
75.0 24.742857
0.0 0
77.0 22.223425
0.0 0
79.0 19.615992
0.0 0
0.0 0
0.0 0
83.0 24.28524
0.0 0
85.0 23.177023
0.0 0
87.0 19.512146
0.0 0
89.0 18.73825
0.0 0
0.0 0
0.0 0
93.0 20.175125
0.0 0
0.0 0
0.0 0
97.0 21.457748
0.0 0
0.0 0
1.0 20.189743
0.0 0
0.0 0
0.0 0
5.0 21.875237
0.0 0
7.0 22.23761
0.0 0
0.0 0
0.0 0
0.0 0
0.0 0
0.0 0
0.0 0
0.0 0
0.0 0
0.0 0
18.0 22.64111
0.0 0
20.0 22.36519
0.0 0
0.0 0
0.0 0
24.0 22.912867
0.0 0
26.0 19.608582
0.0 0
0.0 0
0.0 0
0.0 0
0.0 0
32.0 19.88544
0.0 0
34.0 17.780312
0.0 0
36.0 17.938206
0.0 0
0.0 0
0.0 0
0.0 0
41.0 16.463799
0.0 0
0.0 0
44.0 8.08565
0.0 0
0.0 0
0.0 0
48.0 6.9875026
0.0 0
0.0 0
0.0 0
0.0 0
53.0 18.358904
0.0 0
0.0 0
0.0 0
0.0 0
0.0 0
0.0 0
0.0 0
0.0 0
62.0 19.763857
0.0 0
0.0 0
0.0 0
0.0 0
0.0 0
68.0 24.01582
0.0 0
70.0 23.307161
0.0 0
0.0 0
73.0 24.05083
0.0 0
75.0 24.180315
0.0 0
77.0 23.335285
0.0 0
0.0 0
0.0 0
0.0 0
82.0 22.708223
0.0 0
0.0 0
0.0 0
0.0 0
0.0 0
88.0 24.540358
0.0 0
90.0 22.948116
0.0 0
92.0 16.824305
0.0 0
0.0 0
0.0 0
96.0 20.832502
0.0 0
98.0 19.689991
0.0 0
1.0 21.811142
0.0 0
0.0 0
0.0 0
0.0 0
6.0 22.51031
0.0 0
8.0 3.2675261
0.0 0
0.0 0
0.0 0
0.0 0
0.0 0
0.0 0
0.0 0
0.0 0
17.0 22.241154
0.0 0
19.0 22.148918
0.0 0
21.0 21.24996
0.0 0
23.0 19.089954
0.0 0
0.0 0
0.0 0
0.0 0
0.0 0
29.0 17.76842
0.0 0
0.0 0
0.0 0
33.0 17.887022
0.0 0
0.0 0
36.0 17.496908
0.0 0
0.0 0
39.0 16.225367
0.0 0
41.0 8.683197
0.0 0
0.0 0
0.0 0
0.0 0
0.0 0
47.0 5.7753587
0.0 0
0.0 0
0.0 0
0.0 0
52.0 19.041037
0.0 0
54.0 16.493843
0.0 0
0.0 0
57.0 18.004955
0.0 0
59.0 17.62915
0.0 0
0.0 0
0.0 0
63.0 18.855953
0.0 0
0.0 0
0.0 0
67.0 23.412598
0.0 0
0.0 0
70.0 22.634045
0.0 0
72.0 23.94228
0.0 0
74.0 24.257267
0.0 0
76.0 23.000975
0.0 0
78.0 21.550707
0.0 0
0.0 0
0.0 0
82.0 24.22229
0.0 0
84.0 23.521473
0.0 0
0.0 0
0.0 0
88.0 23.391516
0.0 0
90.0 23.081984
0.0 0
92.0 20.332047
0.0 0
0.0 0
0.0 0
96.0 21.282244
0.0 0
0.0 0
0.0 0
1.0 22.01751
0.0 0
3.0 21.407646
0.0 0
0.0 0
0.0 0
7.0 22.34748
0.0 0
0.0 0
0.0 0
0.0 0
0.0 0
0.0 0
0.0 0
0.0 0
0.0 0
17.0 21.697079
0.0 0
19.0 19.645609
0.0 0
21.0 16.651556
0.0 0
0.0 0
0.0 0
0.0 0
0.0 0
0.0 0
28.0 18.008877
0.0 0
0.0 0
0.0 0
32.0 22.00329
0.0 0
34.0 19.65671
0.0 0
36.0 18.091032
0.0 0
38.0 17.464706
0.0 0
0.0 0
0.0 0
42.0 6.8294063
0.0 0
0.0 0
0.0 0
46.0 5.216977
0.0 0
0.0 0
0.0 0
0.0 0
51.0 18.412891
0.0 0
0.0 0
0.0 0
0.0 0
0.0 0
57.0 18.328003
0.0 0
59.0 18.316402
0.0 0
0.0 0
0.0 0
63.0 18.878675
0.0 0
0.0 0
0.0 0
67.0 23.15591
0.0 0
0.0 0
70.0 22.187952
0.0 0
0.0 0
73.0 23.949282
0.0 0
0.0 0
76.0 24.12433
0.0 0
0.0 0
79.0 22.36519
0.0 0
0.0 0
0.0 0
83.0 24.655592
0.0 0
0.0 0
0.0 0
87.0 24.494947
0.0 0
0.0 0
0.0 0
91.0 22.07791
0.0 0
0.0 0
0.0 0
95.0 22.021063
0.0 0
97.0 21.629282
0.0 0
0.0 0
1.0 21.554281
0.0 0
0.0 0
0.0 0
0.0 0
6.0 22.216331
0.0 0
8.0 0.15867545
0.0 0
0.0 0
0.0 0
0.0 0
0.0 0
0.0 0
0.0 0
16.0 19.059862
0.0 0
18.0 15.81159
0.0 0
20.0 15.706983
0.0 0
22.0 16.433693
0.0 0
0.0 0
25.0 16.71499
0.0 0
0.0 0
0.0 0
0.0 0
0.0 0
0.0 0
32.0 23.015066
0.0 0
0.0 0
35.0 22.283699
0.0 0
37.0 17.521025
0.0 0
0.0 0
0.0 0
41.0 8.858072
0.0 0
43.0 6.3539968
0.0 0
0.0 0
0.0 0
0.0 0
0.0 0
49.0 18.098839
0.0 0
51.0 15.693265
0.0 0
0.0 0
54.0 16.347292
0.0 0
0.0 0
57.0 18.040207
0.0 0
0.0 0
60.0 19.243746
0.0 0
0.0 0
63.0 18.3164
0.0 0
0.0 0
0.0 0
67.0 23.272003
0.0 0
0.0 0
70.0 23.886229
0.0 0
0.0 0
0.0 0
74.0 24.043829
0.0 0
76.0 21.839636
0.0 0
0.0 0
0.0 0
80.0 22.937544
0.0 0
0.0 0
83.0 24.875439
0.0 0
0.0 0
86.0 23.938776
0.0 0
88.0 23.71096
0.0 0
90.0 21.60429
0.0 0
92.0 20.284657
0.0 0
94.0 21.037968
0.0 0
96.0 21.181763
0.0 0
0.0 0
0.0 0
1.0 21.629282
0.0 0
3.0 21.978405
0.0 0
5.0 19.014668
0.0 0
7.0 17.408216
0.0 0
0.0 0
0.0 0
0.0 0
0.0 0
0.0 0
0.0 0
15.0 17.040583
0.0 0
17.0 16.124336
0.0 0
19.0 15.462111
0.0 0
21.0 15.480784
0.0 0
0.0 0
0.0 0
0.0 0
0.0 0
0.0 0
0.0 0
0.0 0
0.0 0
31.0 23.345833
0.0 0
0.0 0
0.0 0
35.0 22.411226
0.0 0
37.0 13.709251
0.0 0
39.0 8.196771
0.0 0
41.0 7.6144
0.0 0
43.0 5.827663
0.0 0
0.0 0
0.0 0
47.0 19.501003
0.0 0
0.0 0
50.0 16.329947
0.0 0
0.0 0
53.0 15.476122
0.0 0
55.0 16.075724
0.0 0
57.0 17.533068
0.0 0
0.0 0
60.0 18.840792
0.0 0
0.0 0
63.0 17.601177
0.0 0
0.0 0
0.0 0
67.0 23.388002
0.0 0
0.0 0
70.0 23.300133
0.0 0
0.0 0
73.0 23.272003
0.0 0
75.0 22.258884
0.0 0
0.0 0
0.0 0
0.0 0
0.0 0
0.0 0
0.0 0
0.0 0
84.0 25.286737
0.0 0
0.0 0
0.0 0
88.0 23.95629
0.0 0
90.0 22.035275
0.0 0
0.0 0
0.0 0
0.0 0
95.0 22.308508
0.0 0
97.0 20.846945
0.0 0
99.0 19.907509
0.0 0
0.0 0
3.0 18.749664
0.0 0
5.0 18.347319
0.0 0
7.0 17.51299
0.0 0
0.0 0
0.0 0
0.0 0
0.0 0
0.0 0
0.0 0
15.0 16.803345
0.0 0
17.0 15.97345
0.0 0
0.0 0
0.0 0
0.0 0
22.0 20.89746
0.0 0
0.0 0
0.0 0
26.0 22.421846
0.0 0
0.0 0
29.0 22.944592
0.0 0
31.0 22.280155
0.0 0
33.0 19.172567
0.0 0
35.0 16.626099
0.0 0
0.0 0
38.0 14.444928
0.0 0
40.0 7.3023047
0.0 0
0.0 0
0.0 0
0.0 0
0.0 0
46.0 20.021349
0.0 0
48.0 15.8748045
0.0 0
50.0 15.58292
0.0 0
0.0 0
0.0 0
0.0 0
55.0 17.597178
0.0 0
0.0 0
0.0 0
59.0 19.082436
0.0 0
0.0 0
0.0 0
0.0 0
0.0 0
0.0 0
0.0 0
0.0 0
0.0 0
69.0 22.810585
0.0 0
0.0 0
72.0 23.081984
0.0 0
74.0 21.914383
0.0 0
0.0 0
0.0 0
0.0 0
0.0 0
80.0 23.050291
0.0 0
82.0 22.972788
0.0 0
0.0 0
0.0 0
0.0 0
87.0 24.746346
0.0 0
89.0 23.180542
0.0 0
91.0 21.850317
0.0 0
93.0 21.992626
0.0 0
95.0 21.725609
0.0 0
97.0 21.864555
0.0 0
99.0 18.995813
0.0 0
2.0 18.59329
0.0 0
4.0 17.75652
0.0 0
0.0 0
7.0 17.69294
0.0 0
0.0 0
0.0 0
0.0 0
0.0 0
0.0 0
0.0 0
15.0 17.633146
0.0 0
0.0 0
0.0 0
0.0 0
20.0 21.9464
0.0 0
22.0 21.192537
0.0 0
0.0 0
0.0 0
26.0 22.428925
0.0 0
28.0 21.53284
0.0 0
30.0 21.757692
0.0 0
0.0 0
33.0 17.39609
0.0 0
0.0 0
0.0 0
37.0 14.057872
0.0 0
0.0 0
0.0 0
0.0 0
0.0 0
0.0 0
0.0 0
45.0 20.313828
0.0 0
47.0 16.96191
0.0 0
49.0 15.273527
0.0 0
51.0 16.360289
0.0 0
0.0 0
0.0 0
55.0 17.196789
0.0 0
0.0 0
58.0 19.400562
0.0 0
60.0 16.924501
0.0 0
0.0 0
63.0 18.036293
0.0 0
0.0 0
0.0 0
0.0 0
68.0 23.23683
0.0 0
0.0 0
71.0 22.67997
0.0 0
0.0 0
74.0 21.124283
0.0 0
0.0 0
0.0 0
0.0 0
79.0 22.951641
0.0 0
0.0 0
0.0 0
83.0 23.335285
0.0 0
85.0 23.56711
0.0 0
87.0 22.979834
0.0 0
0.0 0
90.0 22.619907
0.0 0
0.0 0
93.0 21.782642
0.0 0
95.0 19.885439
0.0 0
97.0 20.142214
0.0 0
0.0 0
1.0 19.448956
0.0 0
0.0 0
0.0 0
0.0 0
0.0 0
7.0 19.333443
0.0 0
0.0 0
0.0 0
0.0 0
0.0 0
0.0 0
0.0 0
0.0 0
0.0 0
0.0 0
0.0 0
19.0 23.00802
0.0 0
21.0 21.875237
0.0 0
23.0 20.597347
0.0 0
0.0 0
0.0 0
27.0 21.214077
0.0 0
0.0 0
30.0 15.518039
0.0 0
0.0 0
33.0 15.023065
0.0 0
35.0 10.512065
0.0 0
37.0 11.597599
0.0 0
0.0 0
0.0 0
0.0 0
0.0 0
0.0 0
44.0 20.123922
0.0 0
0.0 0
0.0 0
0.0 0
49.0 16.485262
0.0 0
0.0 0
52.0 15.816119
0.0 0
54.0 17.537083
0.0 0
0.0 0
0.0 0
58.0 18.489813
0.0 0
60.0 17.282486
0.0 0
62.0 17.118876
0.0 0
0.0 0
65.0 18.780071
0.0 0
0.0 0
68.0 22.87408
0.0 0
0.0 0
71.0 22.053041
0.0 0
0.0 0
0.0 0
0.0 0
76.0 22.450161
0.0 0
0.0 0
0.0 0
0.0 0
0.0 0
0.0 0
0.0 0
0.0 0
85.0 24.334188
0.0 0
87.0 22.965738
0.0 0
0.0 0
90.0 22.035276
0.0 0
92.0 21.590004
0.0 0
0.0 0
0.0 0
0.0 0
97.0 21.203306
0.0 0
0.0 0
1.0 20.291952
0.0 0
0.0 0
4.0 21.325264
0.0 0
6.0 21.005566
0.0 0
0.0 0
0.0 0
0.0 0
0.0 0
0.0 0
0.0 0
0.0 0
0.0 0
16.0 22.092113
0.0 0
18.0 20.749401
0.0 0
20.0 19.213797
0.0 0
22.0 19.344639
0.0 0
24.0 13.427663
0.0 0
0.0 0
27.0 13.877055
0.0 0
29.0 13.4975195
0.0 0
31.0 8.196771
0.0 0
33.0 13.160227
0.0 0
35.0 8.906259
0.0 0
37.0 11.45706
0.0 0
0.0 0
0.0 0
0.0 0
42.0 20.342978
0.0 0
44.0 13.001583
0.0 0
0.0 0
47.0 15.197125
0.0 0
0.0 0
50.0 16.907848
0.0 0
52.0 15.297289
0.0 0
0.0 0
0.0 0
56.0 18.776272
0.0 0
58.0 17.343437
0.0 0
0.0 0
61.0 17.597178
0.0 0
63.0 17.331264
0.0 0
0.0 0
0.0 0
0.0 0
0.0 0
69.0 22.743528
0.0 0
0.0 0
72.0 21.611431
0.0 0
74.0 20.962347
0.0 0
0.0 0
77.0 22.095665
0.0 0
0.0 0
0.0 0
0.0 0
0.0 0
83.0 22.711756
0.0 0
0.0 0
86.0 23.03268
0.0 0
88.0 21.679243
0.0 0
90.0 23.09255
0.0 0
92.0 20.81806
0.0 0
94.0 20.321117
0.0 0
0.0 0
0.0 0
98.0 20.691525
0.0 0
1.0 23.046768
0.0 0
3.0 20.937122
0.0 0
5.0 20.850554
0.0 0
7.0 17.728727
0.0 0
0.0 0
0.0 0
0.0 0
0.0 0
0.0 0
0.0 0
0.0 0
16.0 18.539684
0.0 0
18.0 17.229485
0.0 0
20.0 16.6006
0.0 0
22.0 13.646869
0.0 0
0.0 0
25.0 13.981628
0.0 0
27.0 13.184363
0.0 0
29.0 15.047419
0.0 0
31.0 8.105907
0.0 0
33.0 12.751209
0.0 0
0.0 0
0.0 0
0.0 0
0.0 0
0.0 0
40.0 20.879421
0.0 0
42.0 13.462665
0.0 0
0.0 0
0.0 0
0.0 0
0.0 0
48.0 15.63823
0.0 0
50.0 17.040583
0.0 0
0.0 0
0.0 0
0.0 0
55.0 19.534422
0.0 0
57.0 18.742054
0.0 0
0.0 0
60.0 17.621162
0.0 0
0.0 0
0.0 0
0.0 0
0.0 0
0.0 0
67.0 21.821829
0.0 0
69.0 21.64713
0.0 0
0.0 0
72.0 20.50664
0.0 0
74.0 20.513903
0.0 0
0.0 0
0.0 0
0.0 0
79.0 22.97631
0.0 0
0.0 0
82.0 23.1911
0.0 0
84.0 21.750565
0.0 0
86.0 21.864555
0.0 0
88.0 20.448507
0.0 0
90.0 21.63285
0.0 0
92.0 19.097473
0.0 0
94.0 18.973179
0.0 0
96.0 19.018435
0.0 0
98.0 20.332047
0.0 0
1.0 22.0104
0.0 0
0.0 0
4.0 20.138557
0.0 0
6.0 18.37048
0.0 0
0.0 0
0.0 0
0.0 0
0.0 0
0.0 0
0.0 0
0.0 0
15.0 18.040207
0.0 0
17.0 13.001583
0.0 0
19.0 10.503754
0.0 0
0.0 0
22.0 15.129793
0.0 0
0.0 0
25.0 14.128064
0.0 0
27.0 12.970711
0.0 0
29.0 13.075194
0.0 0
31.0 13.368989
0.0 0
33.0 14.144183
0.0 0
0.0 0
0.0 0
0.0 0
0.0 0
39.0 21.700645
0.0 0
0.0 0
0.0 0
43.0 12.205248
0.0 0
0.0 0
46.0 14.229645
0.0 0
48.0 14.840897
0.0 0
0.0 0
0.0 0
52.0 16.446604
0.0 0
0.0 0
55.0 17.843613
0.0 0
57.0 17.938208
0.0 0
0.0 0
60.0 18.083218
0.0 0
0.0 0
0.0 0
0.0 0
65.0 18.931633
0.0 0
0.0 0
68.0 21.647127
0.0 0
70.0 21.059555
0.0 0
72.0 21.059557
0.0 0
74.0 20.919094
0.0 0
0.0 0
0.0 0
78.0 22.315594
0.0 0
0.0 0
0.0 0
82.0 23.296616
0.0 0
0.0 0
85.0 22.340397
0.0 0
87.0 21.910826
0.0 0
0.0 0
90.0 20.933517
0.0 0
92.0 19.426628
0.0 0
0.0 0
95.0 20.186089
0.0 0
0.0 0
98.0 20.611845
0.0 0
1.0 18.382055
0.0 0
3.0 17.412256
0.0 0
0.0 0
6.0 17.420336
0.0 0
0.0 0
0.0 0
0.0 0
0.0 0
0.0 0
0.0 0
0.0 0
15.0 17.34749
0.0 0
17.0 11.977417
0.0 0
0.0 0
20.0 12.184798
0.0 0
22.0 14.806039
0.0 0
24.0 14.675433
0.0 0
26.0 12.77026
0.0 0
0.0 0
0.0 0
0.0 0
0.0 0
32.0 21.113499
0.0 0
0.0 0
0.0 0
0.0 0
37.0 21.857437
0.0 0
39.0 16.203476
0.0 0
0.0 0
0.0 0
0.0 0
44.0 13.669613
0.0 0
0.0 0
0.0 0
48.0 15.811591
0.0 0
0.0 0
51.0 16.04469
0.0 0
0.0 0
54.0 16.468094
0.0 0
0.0 0
0.0 0
0.0 0
59.0 17.823853
0.0 0
0.0 0
0.0 0
63.0 18.03238
0.0 0
65.0 17.977495
0.0 0
0.0 0
68.0 21.575716
0.0 0
70.0 20.1349
0.0 0
72.0 19.370747
0.0 0
74.0 19.955282
0.0 0
0.0 0
0.0 0
78.0 22.081459
0.0 0
0.0 0
0.0 0
82.0 22.336853
0.0 0
84.0 21.768387
0.0 0
86.0 21.493515
0.0 0
0.0 0
89.0 20.17147
0.0 0
0.0 0
0.0 0
0.0 0
0.0 0
0.0 0
0.0 0
97.0 21.98907
0.0 0
99.0 18.780071
0.0 0
0.0 0
0.0 0
0.0 0
0.0 0
0.0 0
0.0 0
0.0 0
0.0 0
0.0 0
0.0 0
0.0 0
0.0 0
0.0 0
0.0 0
0.0 0
0.0 0
0.0 0
0.0 0
0.0 0
0.0 0
0.0 0
0.0 0
0.0 0
0.0 0
0.0 0
0.0 0
0.0 0
0.0 0
0.0 0
0.0 0
0.0 0
0.0 0
0.0 0
0.0 0
0.0 0
0.0 0
0.0 0
0.0 0
0.0 0
0.0 0
0.0 0
0.0 0
0.0 0
0.0 0
0.0 0
0.0 0
0.0 0
0.0 0
0.0 0
0.0 0
0.0 0
0.0 0
0.0 0
0.0 0
0.0 0
0.0 0
0.0 0
0.0 0
0.0 0
0.0 0
0.0 0
0.0 0
0.0 0
0.0 0
0.0 0
0.0 0
0.0 0
0.0 0
0.0 0
0.0 0
0.0 0
0.0 0
0.0 0
0.0 0
0.0 0
0.0 0
0.0 0
0.0 0
0.0 0
0.0 0
0.0 0
0.0 0
0.0 0
0.0 0
0.0 0
0.0 0
0.0 0
0.0 0
0.0 0
0.0 0
0.0 0
0.0 0
0.0 0
0.0 0
0.0 0
0.0 0
0.0 0
0.0 0
0.0 0
0.0 0
0.0 0
0.0 0
0.0 0
0.0 0
0.0 0
0.0 0
0.0 0
0.0 0
0.0 0
0.0 0
0.0 0
0.0 0
0.0 0
0.0 0
0.0 0
0.0 0
0.0 0
0.0 0
0.0 0
0.0 0
0.0 0
0.0 0
0.0 0
0.0 0
0.0 0
0.0 0
0.0 0
0.0 0
0.0 0
0.0 0
0.0 0
0.0 0
0.0 0
0.0 0
0.0 0
0.0 0
0.0 0
0.0 0
0.0 0
0.0 0
0.0 0
0.0 0
0.0 0
0.0 0
0.0 0
0.0 0
0.0 0
0.0 0
0.0 0
0.0 0
0.0 0
0.0 0
0.0 0
0.0 0
0.0 0
0.0 0
0.0 0
0.0 0
0.0 0
0.0 0
0.0 0
0.0 0
0.0 0
0.0 0
0.0 0
0.0 0
0.0 0
0.0 0
0.0 0
0.0 0
0.0 0
0.0 0
0.0 0
0.0 0
0.0 0
0.0 0
0.0 0
0.0 0
0.0 0
0.0 0
0.0 0
0.0 0
0.0 0
0.0 0
0.0 0
0.0 0
0.0 0
0.0 0
0.0 0
0.0 0
0.0 0
0.0 0
0.0 0
0.0 0
0.0 0
0.0 0
0.0 0
