0.0 0
0.0 0
3.0 12.26372
0.0 0
0.0 0
0.0 0
0.0 0
0.0 0
9.0 15.845908
0.0 0
0.0 0
12.0 16.294207
0.0 0
14.0 12.19197
0.0 0
0.0 0
0.0 0
0.0 0
19.0 11.939809
0.0 0
21.0 10.4368
0.0 0
23.0 12.013519
0.0 0
0.0 0
26.0 11.655941
0.0 0
0.0 0
29.0 13.824106
0.0 0
31.0 11.440861
0.0 0
0.0 0
0.0 0
35.0 15.084707
0.0 0
0.0 0
38.0 12.116377
0.0 0
40.0 9.797228
0.0 0
0.0 0
43.0 11.175264
0.0 0
0.0 0
0.0 0
47.0 13.182874
0.0 0
0.0 0
0.0 0
51.0 10.4368
0.0 0
0.0 0
54.0 12.62451
0.0 0
0.0 0
0.0 0
58.0 14.567179
0.0 0
0.0 0
61.0 12.995403
0.0 0
0.0 0
0.0 0
0.0 0
66.0 15.092942
0.0 0
68.0 13.6762905
0.0 0
0.0 0
71.0 15.3527355
0.0 0
73.0 13.367887
0.0 0
0.0 0
76.0 15.412647
0.0 0
78.0 14.903039
0.0 0
0.0 0
81.0 13.936359
0.0 0
83.0 13.562412
0.0 0
85.0 10.719899
0.0 0
87.0 12.749418
0.0 0
89.0 11.100786
0.0 0
0.0 0
92.0 13.930618
0.0 0
94.0 13.385673
0.0 0
96.0 13.936359
0.0 0
98.0 11.916228
0.0 0
1.0 6.865546
0.0 0
3.0 2.2492433
0.0 0
0.0 0
0.0 0
0.0 0
0.0 0
9.0 16.031565
0.0 0
0.0 0
12.0 16.344997
0.0 0
14.0 0.2088957
0.0 0
0.0 0
17.0 1.2921385
0.0 0
19.0 0.21047175
0.0 0
21.0 0.8865657
0.0 0
0.0 0
24.0 8.253858
0.0 0
26.0 7.2534914
0.0 0
0.0 0
29.0 11.718321
0.0 0
31.0 0.35944557
0.0 0
33.0 9.374479
0.0 0
35.0 12.010181
0.0 0
0.0 0
38.0 9.09236
0.0 0
0.0 0
0.0 0
0.0 0
43.0 0.24248062
0.0 0
0.0 0
0.0 0
0.0 0
48.0 2.6121495
0.0 0
0.0 0
51.0 0.41488898
0.0 0
53.0 8.128819
0.0 0
0.0 0
0.0 0
0.0 0
58.0 11.281916
0.0 0
0.0 0
61.0 11.422967
0.0 0
63.0 4.567676
0.0 0
0.0 0
66.0 13.922004
0.0 0
68.0 10.55153
0.0 0
0.0 0
71.0 14.337197
0.0 0
73.0 9.596695
0.0 0
0.0 0
76.0 10.357751
0.0 0
0.0 0
79.0 11.756212
0.0 0
81.0 11.572014
0.0 0
83.0 6.929047
0.0 0
0.0 0
0.0 0
87.0 9.792641
0.0 0
89.0 1.6348392
0.0 0
0.0 0
0.0 0
0.0 0
94.0 11.6663685
0.0 0
96.0 11.130672
0.0 0
98.0 3.7304099
0.0 0
1.0 0.32894027
0.0 0
3.0 0.29750314
0.0 0
5.0 7.5002456
0.0 0
0.0 0
0.0 0
9.0 16.275486
0.0 0
11.0 15.80276
0.0 0
13.0 16.11477
0.0 0
0.0 0
0.0 0
0.0 0
18.0 1.5063543
0.0 0
0.0 0
21.0 9.384316
0.0 0
0.0 0
24.0 10.934113
0.0 0
26.0 11.178969
0.0 0
0.0 0
29.0 12.922114
0.0 0
0.0 0
0.0 0
33.0 13.5154705
0.0 0
35.0 10.411943
0.0 0
0.0 0
38.0 10.424382
0.0 0
0.0 0
41.0 3.9433777
0.0 0
0.0 0
44.0 0.004819054
0.0 0
0.0 0
0.0 0
48.0 3.5068238
0.0 0
50.0 0.078327805
0.0 0
52.0 0.75902456
0.0 0
0.0 0
55.0 8.031964
0.0 0
0.0 0
58.0 10.053184
0.0 0
0.0 0
61.0 13.089462
0.0 0
63.0 7.8590837
0.0 0
0.0 0
66.0 14.952685
0.0 0
0.0 0
69.0 12.517239
0.0 0
71.0 13.774967
0.0 0
73.0 4.074364
0.0 0
0.0 0
76.0 11.855297
0.0 0
78.0 13.933489
0.0 0
80.0 11.365418
0.0 0
0.0 0
83.0 8.648492
0.0 0
85.0 0.33724132
0.0 0
0.0 0
0.0 0
89.0 13.119663
0.0 0
0.0 0
0.0 0
0.0 0
94.0 8.21837
0.0 0
96.0 11.834889
0.0 0
98.0 11.379846
0.0 0
1.0 0.017919468
0.0 0
3.0 0.6042893
0.0 0
5.0 2.2665598
0.0 0
0.0 0
0.0 0
9.0 16.15767
0.0 0
11.0 15.418091
0.0 0
13.0 15.972439
0.0 0
0.0 0
16.0 0.2104714
0.0 0
18.0 0.906192
0.0 0
0.0 0
0.0 0
0.0 0
0.0 0
24.0 12.817554
0.0 0
26.0 11.036861
0.0 0
28.0 9.082032
0.0 0
30.0 2.0322893
0.0 0
32.0 9.087197
0.0 0
0.0 0
35.0 8.353365
0.0 0
37.0 0.98841363
0.0 0
39.0 2.0215712
0.0 0
41.0 4.670466
0.0 0
43.0 0.011831719
0.0 0
0.0 0
0.0 0
0.0 0
48.0 1.699799
0.0 0
0.0 0
0.0 0
0.0 0
0.0 0
54.0 3.9357061
0.0 0
0.0 0
57.0 8.457076
0.0 0
0.0 0
0.0 0
61.0 14.589507
0.0 0
63.0 12.136154
0.0 0
0.0 0
66.0 15.224434
0.0 0
68.0 10.759359
0.0 0
0.0 0
71.0 13.281639
0.0 0
0.0 0
74.0 8.801845
0.0 0
0.0 0
77.0 8.998798
0.0 0
79.0 10.998982
0.0 0
0.0 0
82.0 3.6328979
0.0 0
84.0 3.2104652
0.0 0
86.0 0.05885718
0.0 0
0.0 0
0.0 0
90.0 11.394248
0.0 0
0.0 0
93.0 9.285236
0.0 0
0.0 0
96.0 13.491949
0.0 0
98.0 7.0408597
0.0 0
0.0 0
0.0 0
3.0 5.2564178
0.0 0
0.0 0
0.0 0
0.0 0
0.0 0
9.0 15.7649765
0.0 0
11.0 14.914079
0.0 0
13.0 16.393076
0.0 0
0.0 0
16.0 0.80648136
0.0 0
18.0 3.7606
0.0 0
0.0 0
0.0 0
22.0 2.9333098
0.0 0
24.0 12.91599
0.0 0
26.0 10.68816
0.0 0
28.0 11.841697
0.0 0
0.0 0
0.0 0
0.0 0
33.0 7.9584026
0.0 0
35.0 12.577312
0.0 0
0.0 0
38.0 8.15282
0.0 0
0.0 0
41.0 5.122058
0.0 0
0.0 0
44.0 0.050507247
0.0 0
0.0 0
0.0 0
48.0 0.86185986
0.0 0
50.0 0.53595376
0.0 0
0.0 0
0.0 0
54.0 11.683723
0.0 0
0.0 0
57.0 5.7650456
0.0 0
0.0 0
0.0 0
61.0 14.232714
0.0 0
0.0 0
64.0 12.76804
0.0 0
66.0 14.502879
0.0 0
0.0 0
69.0 12.705854
0.0 0
71.0 14.850551
0.0 0
0.0 0
74.0 3.6553156
0.0 0
0.0 0
0.0 0
0.0 0
79.0 12.023522
0.0 0
0.0 0
82.0 3.8745263
0.0 0
84.0 0.2964313
0.0 0
86.0 0.44916874
0.0 0
0.0 0
89.0 10.144838
0.0 0
91.0 4.916085
0.0 0
0.0 0
94.0 9.467266
0.0 0
96.0 14.387861
0.0 0
98.0 0.19965915
0.0 0
0.0 0
0.0 0
3.0 7.94606
0.0 0
0.0 0
0.0 0
7.0 11.817848
0.0 0
0.0 0
10.0 15.6974325
0.0 0
0.0 0
13.0 16.270134
0.0 0
0.0 0
16.0 0.072603405
0.0 0
0.0 0
19.0 0.97329
0.0 0
0.0 0
0.0 0
0.0 0
24.0 13.474286
0.0 0
26.0 13.5448265
0.0 0
28.0 1.9424815
0.0 0
0.0 0
0.0 0
0.0 0
33.0 6.018573
0.0 0
0.0 0
36.0 5.9727697
0.0 0
38.0 6.7587543
0.0 0
40.0 7.7329445
0.0 0
42.0 0.4430355
0.0 0
44.0 0.016385505
0.0 0
0.0 0
47.0 0.28902304
0.0 0
49.0 0.0015020651
0.0 0
0.0 0
52.0 3.4481108
0.0 0
54.0 10.1361685
0.0 0
0.0 0
57.0 8.637388
0.0 0
0.0 0
60.0 10.37865
0.0 0
62.0 12.501373
0.0 0
64.0 6.999094
0.0 0
0.0 0
67.0 13.959305
0.0 0
69.0 12.733878
0.0 0
71.0 15.20255
0.0 0
0.0 0
74.0 5.248525
0.0 0
0.0 0
0.0 0
78.0 9.625079
0.0 0
80.0 2.9197893
0.0 0
0.0 0
83.0 6.621798
0.0 0
0.0 0
86.0 11.572014
0.0 0
88.0 6.592741
0.0 0
90.0 5.2879777
0.0 0
92.0 3.7003107
0.0 0
94.0 8.951468
0.0 0
96.0 14.875426
0.0 0
0.0 0
0.0 0
0.0 0
2.0 8.752962
0.0 0
4.0 8.05023
0.0 0
0.0 0
0.0 0
0.0 0
0.0 0
10.0 15.705544
0.0 0
0.0 0
13.0 16.042307
0.0 0
15.0 0.3924169
0.0 0
0.0 0
0.0 0
19.0 3.0495486
0.0 0
0.0 0
0.0 0
0.0 0
24.0 14.8422575
0.0 0
0.0 0
0.0 0
28.0 10.941773
0.0 0
0.0 0
31.0 3.1680913
0.0 0
33.0 6.751593
0.0 0
35.0 10.009052
0.0 0
37.0 7.0408597
0.0 0
0.0 0
40.0 1.08665
0.0 0
42.0 0.38561746
0.0 0
44.0 0.13409619
0.0 0
0.0 0
47.0 0.0010490556
0.0 0
49.0 0.004874519
0.0 0
51.0 1.6348349
0.0 0
53.0 6.082054E-4
0.0 0
0.0 0
0.0 0
57.0 10.518958
0.0 0
0.0 0
0.0 0
0.0 0
62.0 4.496651
0.0 0
64.0 6.851381
0.0 0
0.0 0
67.0 13.798107
0.0 0
69.0 8.295012
0.0 0
71.0 13.200883
0.0 0
0.0 0
74.0 8.399663
0.0 0
76.0 7.394487
0.0 0
78.0 7.675452
0.0 0
0.0 0
81.0 0.19815505
0.0 0
0.0 0
84.0 6.3276296
0.0 0
0.0 0
0.0 0
88.0 7.983009
0.0 0
0.0 0
0.0 0
92.0 3.0013921
0.0 0
94.0 4.46513
0.0 0
96.0 15.027011
0.0 0
0.0 0
0.0 0
1.0 11.533253
0.0 0
0.0 0
4.0 10.72781
0.0 0
0.0 0
7.0 11.017948
0.0 0
0.0 0
0.0 0
0.0 0
0.0 0
13.0 15.678503
0.0 0
15.0 0.021479534
0.0 0
17.0 3.203382
0.0 0
0.0 0
20.0 0.7373938
0.0 0
22.0 7.5980883
0.0 0
24.0 14.578345
0.0 0
26.0 5.406076
0.0 0
28.0 12.000161
0.0 0
30.0 0.6889726
0.0 0
0.0 0
33.0 1.6531998
0.0 0
35.0 3.0633736
0.0 0
0.0 0
0.0 0
39.0 4.741721
0.0 0
0.0 0
42.0 4.4100404
0.0 0
44.0 2.6059386E-15
0.0 0
0.0 0
47.0 2.518971E-9
0.0 0
49.0 0.03809133
0.0 0
0.0 0
0.0 0
53.0 0.23453377
0.0 0
55.0 1.800872
0.0 0
57.0 3.0357487
0.0 0
59.0 0.015351393
0.0 0
61.0 3.7078285
0.0 0
0.0 0
64.0 5.264309
0.0 0
66.0 14.5476265
0.0 0
0.0 0
0.0 0
0.0 0
71.0 12.876093
0.0 0
0.0 0
74.0 9.413724
0.0 0
76.0 12.218121
0.0 0
78.0 4.5755787
0.0 0
80.0 0.8403922
0.0 0
82.0 3.715355
0.0 0
84.0 0.12044464
0.0 0
0.0 0
0.0 0
88.0 12.961864
0.0 0
0.0 0
91.0 3.9971774
0.0 0
0.0 0
94.0 1.4306632
0.0 0
96.0 14.66195
0.0 0
0.0 0
99.0 11.51911
0.0 0
0.0 0
3.0 11.946535
0.0 0
5.0 9.769644
0.0 0
7.0 11.430131
0.0 0
9.0 15.526785
0.0 0
11.0 16.042307
0.0 0
13.0 14.244032
0.0 0
0.0 0
0.0 0
17.0 3.558525
0.0 0
19.0 1.063787
0.0 0
21.0 1.2657771
0.0 0
0.0 0
24.0 12.808287
0.0 0
26.0 7.3074923
0.0 0
28.0 8.283283
0.0 0
30.0 10.860877
0.0 0
0.0 0
33.0 1.0099207
0.0 0
35.0 0.22263
0.0 0
0.0 0
38.0 3.4043493
0.0 0
0.0 0
41.0 0.040955435
0.0 0
43.0 0.0010071342
0.0 0
45.0 6.946133E-16
0.0 0
0.0 0
0.0 0
49.0 0.3883244
0.0 0
51.0 1.0349797
0.0 0
0.0 0
0.0 0
55.0 2.5868902
0.0 0
57.0 7.5525923
0.0 0
0.0 0
60.0 5.272199
0.0 0
62.0 5.4374948
0.0 0
64.0 13.302503
0.0 0
66.0 12.946592
0.0 0
0.0 0
0.0 0
0.0 0
71.0 12.624506
0.0 0
73.0 9.778852
0.0 0
75.0 4.097594
0.0 0
77.0 4.74965
0.0 0
79.0 0.43697378
0.0 0
0.0 0
82.0 6.320178
0.0 0
84.0 2.0697131E-4
0.0 0
0.0 0
0.0 0
0.0 0
89.0 10.731763
0.0 0
91.0 3.4262009
0.0 0
0.0 0
94.0 4.622992
0.0 0
96.0 14.578345
0.0 0
0.0 0
99.0 12.724544
0.0 0
0.0 0
3.0 12.925177
0.0 0
0.0 0
6.0 8.496967
0.0 0
0.0 0
9.0 15.73527
0.0 0
11.0 15.937471
0.0 0
13.0 13.722795
0.0 0
0.0 0
0.0 0
0.0 0
18.0 7.3611403
0.0 0
0.0 0
21.0 0.5164638
0.0 0
0.0 0
24.0 12.504546
0.0 0
26.0 9.951199
0.0 0
0.0 0
29.0 10.806407
0.0 0
0.0 0
0.0 0
33.0 10.81031
0.0 0
35.0 3.67779
0.0 0
0.0 0
38.0 0.15323076
0.0 0
40.0 0.048753753
0.0 0
0.0 0
43.0 0.059626862
0.0 0
0.0 0
0.0 0
47.0 1.5749938E-12
0.0 0
49.0 0.122874655
0.0 0
0.0 0
52.0 0.112949386
0.0 0
0.0 0
55.0 9.977968
0.0 0
57.0 4.206414
0.0 0
0.0 0
60.0 10.620205
0.0 0
62.0 9.8747015
0.0 0
64.0 8.818054
0.0 0
66.0 12.273461
0.0 0
68.0 2.5120022
0.0 0
0.0 0
71.0 11.614087
0.0 0
0.0 0
74.0 15.123117
0.0 0
0.0 0
77.0 0.5768646
0.0 0
79.0 5.0349617
0.0 0
0.0 0
82.0 0.24882534
0.0 0
84.0 1.4250941E-5
0.0 0
0.0 0
0.0 0
0.0 0
89.0 8.295015
0.0 0
91.0 0.18790592
0.0 0
0.0 0
94.0 8.140826
0.0 0
96.0 14.328743
0.0 0
0.0 0
99.0 10.802497
0.0 0
2.0 2.872739
0.0 0
0.0 0
0.0 0
6.0 8.714676
0.0 0
0.0 0
9.0 15.564763
0.0 0
0.0 0
12.0 15.548491
0.0 0
14.0 0.00778266
0.0 0
16.0 1.1716582
0.0 0
18.0 0.08551002
0.0 0
20.0 2.3723092
0.0 0
0.0 0
0.0 0
24.0 13.341172
0.0 0
0.0 0
0.0 0
0.0 0
0.0 0
0.0 0
0.0 0
32.0 19.142624
0.0 0
34.0 11.64898
0.0 0
0.0 0
37.0 1.3899298
0.0 0
0.0 0
0.0 0
41.0 0.005554263
0.0 0
43.0 4.2789416E-6
0.0 0
0.0 0
0.0 0
0.0 0
0.0 0
0.0 0
50.0 2.0034274E-4
0.0 0
52.0 0.011893156
0.0 0
0.0 0
55.0 5.1932297
0.0 0
57.0 5.0824766
0.0 0
59.0 5.468884
0.0 0
0.0 0
62.0 9.295215
0.0 0
64.0 1.800874
0.0 0
66.0 12.488664
0.0 0
0.0 0
0.0 0
0.0 0
71.0 12.777341
0.0 0
0.0 0
0.0 0
75.0 14.5978775
0.0 0
77.0 0.6123325
0.0 0
79.0 1.4061058
0.0 0
0.0 0
82.0 0.8727672
0.0 0
84.0 7.04856E-5
0.0 0
0.0 0
0.0 0
0.0 0
89.0 10.123138
0.0 0
91.0 2.272354
0.0 0
0.0 0
0.0 0
0.0 0
96.0 14.178874
0.0 0
0.0 0
99.0 4.0357223
0.0 0
0.0 0
0.0 0
4.0 10.747546
0.0 0
6.0 4.45725
0.0 0
0.0 0
9.0 15.450727
0.0 0
11.0 15.450728
0.0 0
13.0 14.636896
0.0 0
0.0 0
16.0 6.505057
0.0 0
18.0 0.0020299335
0.0 0
20.0 1.0318165
0.0 0
0.0 0
0.0 0
24.0 12.270216
0.0 0
0.0 0
0.0 0
0.0 0
0.0 0
0.0 0
31.0 18.852694
0.0 0
33.0 16.726065
0.0 0
35.0 16.898647
0.0 0
0.0 0
38.0 0.90336585
0.0 0
0.0 0
41.0 1.1132812
0.0 0
43.0 7.930285E-7
0.0 0
45.0 9.733408E-4
0.0 0
47.0 2.4520587E-12
0.0 0
0.0 0
50.0 0.01489394
0.0 0
0.0 0
0.0 0
0.0 0
55.0 7.434311
0.0 0
57.0 3.7908754
0.0 0
59.0 8.104736
0.0 0
0.0 0
62.0 6.4535913
0.0 0
0.0 0
0.0 0
66.0 13.965039
0.0 0
0.0 0
0.0 0
0.0 0
71.0 14.3962965
0.0 0
0.0 0
74.0 16.098679
0.0 0
76.0 1.8808311
0.0 0
0.0 0
79.0 2.319039
0.0 0
0.0 0
82.0 2.3131669
0.0 0
84.0 6.2147976E-4
0.0 0
0.0 0
0.0 0
0.0 0
0.0 0
90.0 9.123227
0.0 0
0.0 0
93.0 0.9793137
0.0 0
0.0 0
96.0 13.7894335
0.0 0
98.0 2.91304
0.0 0
1.0 9.783451
0.0 0
0.0 0
0.0 0
5.0 8.769299
0.0 0
0.0 0
0.0 0
9.0 15.1669655
0.0 0
11.0 15.059992
0.0 0
13.0 13.335234
0.0 0
15.0 0.88378894
0.0 0
17.0 5.337245E-4
0.0 0
0.0 0
20.0 0.022982292
0.0 0
0.0 0
0.0 0
0.0 0
25.0 10.144838
0.0 0
27.0 17.998734
0.0 0
0.0 0
30.0 18.651346
0.0 0
32.0 17.506737
0.0 0
0.0 0
35.0 16.502468
0.0 0
0.0 0
38.0 8.15282
0.0 0
0.0 0
41.0 0.50609684
0.0 0
43.0 3.6750984E-4
0.0 0
45.0 1.9528961
0.0 0
47.0 1.8760023E-11
0.0 0
0.0 0
50.0 0.54502213
0.0 0
0.0 0
0.0 0
0.0 0
55.0 3.6179752
0.0 0
0.0 0
58.0 10.755423
0.0 0
60.0 5.3037386
0.0 0
62.0 9.159039
0.0 0
0.0 0
0.0 0
66.0 13.655906
0.0 0
0.0 0
0.0 0
0.0 0
71.0 13.550691
0.0 0
0.0 0
74.0 16.229992
0.0 0
76.0 12.8268175
0.0 0
0.0 0
79.0 0.45226353
0.0 0
0.0 0
82.0 1.9685931
0.0 0
84.0 0.082707636
0.0 0
0.0 0
0.0 0
0.0 0
89.0 2.5058239
0.0 0
91.0 11.690655
0.0 0
93.0 0.1727485
0.0 0
0.0 0
96.0 12.925177
0.0 0
0.0 0
99.0 3.528943
0.0 0
0.0 0
3.0 7.171814
0.0 0
5.0 0.046430852
0.0 0
0.0 0
0.0 0
0.0 0
10.0 14.916839
0.0 0
12.0 14.379426
0.0 0
14.0 5.5862503
0.0 0
16.0 1.0181051E-4
0.0 0
0.0 0
19.0 5.747478E-6
0.0 0
21.0 2.9197834
0.0 0
23.0 10.031155
0.0 0
0.0 0
0.0 0
27.0 17.764805
0.0 0
0.0 0
30.0 17.97247
0.0 0
32.0 16.840277
0.0 0
34.0 15.902479
0.0 0
36.0 13.415266
0.0 0
38.0 0.038966786
0.0 0
40.0 0.018733341
0.0 0
42.0 0.5043868
0.0 0
44.0 1.1604537E-4
0.0 0
46.0 0.013873424
0.0 0
0.0 0
0.0 0
50.0 3.9740949
0.0 0
52.0 1.7687631E-5
0.0 0
0.0 0
55.0 6.394483
0.0 0
0.0 0
58.0 13.104573
0.0 0
0.0 0
61.0 4.0588994
0.0 0
63.0 0.2525162
0.0 0
0.0 0
66.0 13.212873
0.0 0
0.0 0
0.0 0
0.0 0
71.0 11.332858
0.0 0
73.0 14.553216
0.0 0
0.0 0
0.0 0
77.0 3.274515
0.0 0
79.0 0.9005498
0.0 0
81.0 0.077022016
0.0 0
83.0 0.004958788
0.0 0
0.0 0
0.0 0
0.0 0
0.0 0
89.0 3.455427
0.0 0
91.0 9.33498
0.0 0
93.0 0.17142566
0.0 0
0.0 0
96.0 12.851481
0.0 0
0.0 0
99.0 4.020289
0.0 0
2.0 8.993556
0.0 0
4.0 0.31063506
0.0 0
6.0 1.3939569
0.0 0
0.0 0
0.0 0
0.0 0
11.0 15.065486
0.0 0
13.0 14.911319
0.0 0
15.0 0.021899698
0.0 0
0.0 0
0.0 0
19.0 0.0026673756
0.0 0
21.0 5.7418194
0.0 0
23.0 11.956615
0.0 0
0.0 0
0.0 0
27.0 17.472462
0.0 0
29.0 16.861506
0.0 0
31.0 16.76858
0.0 0
33.0 14.809052
0.0 0
0.0 0
36.0 13.25477
0.0 0
38.0 0.011058332
0.0 0
40.0 0.89213485
0.0 0
42.0 9.9158264E-5
0.0 0
44.0 1.2062569E-10
0.0 0
0.0 0
47.0 0.0012244923
0.0 0
49.0 3.3523835E-4
0.0 0
51.0 3.2673724
0.0 0
53.0 0.02056021
0.0 0
0.0 0
0.0 0
57.0 11.949895
0.0 0
0.0 0
60.0 2.7211485
0.0 0
62.0 2.026929
0.0 0
0.0 0
0.0 0
66.0 14.982986
0.0 0
68.0 0.22429743
0.0 0
0.0 0
71.0 9.778854
0.0 0
0.0 0
74.0 13.530154
0.0 0
76.0 0.38427088
0.0 0
0.0 0
79.0 12.003504
0.0 0
81.0 4.261057
0.0 0
83.0 0.06611387
0.0 0
0.0 0
0.0 0
87.0 0.14059217
0.0 0
89.0 4.465133
0.0 0
91.0 3.1470094
0.0 0
93.0 0.95243794
0.0 0
0.0 0
96.0 12.38965
0.0 0
0.0 0
99.0 6.585462
0.0 0
2.0 11.296507
0.0 0
4.0 0.0016876938
0.0 0
6.0 6.90793
0.0 0
0.0 0
0.0 0
0.0 0
0.0 0
12.0 15.72176
0.0 0
14.0 10.281938
0.0 0
0.0 0
17.0 12.589917
0.0 0
19.0 0.0042945757
0.0 0
21.0 6.409291
0.0 0
23.0 11.248984
0.0 0
0.0 0
0.0 0
27.0 16.219284
0.0 0
0.0 0
30.0 17.192581
0.0 0
0.0 0
33.0 16.063787
0.0 0
0.0 0
36.0 13.57998
0.0 0
38.0 0.62662566
0.0 0
40.0 4.543988
0.0 0
0.0 0
43.0 0.011350301
0.0 0
0.0 0
0.0 0
47.0 9.638486E-6
0.0 0
0.0 0
0.0 0
0.0 0
52.0 3.5511215
0.0 0
0.0 0
55.0 7.3276534
0.0 0
57.0 8.609553
0.0 0
59.0 0.66907305
0.0 0
61.0 0.6889726
0.0 0
63.0 0.8977362
0.0 0
0.0 0
66.0 15.106662
0.0 0
0.0 0
69.0 0.8865657
0.0 0
71.0 10.644269
0.0 0
0.0 0
74.0 14.941659
0.0 0
0.0 0
0.0 0
78.0 3.2816741
0.0 0
80.0 0.031110976
0.0 0
0.0 0
83.0 3.9587297
0.0 0
0.0 0
0.0 0
87.0 3.1329958
0.0 0
89.0 4.9240184
0.0 0
91.0 0.11204281
0.0 0
0.0 0
0.0 0
0.0 0
96.0 12.033517
0.0 0
0.0 0
99.0 3.3247406
0.0 0
0.0 0
3.0 12.795917
0.0 0
0.0 0
0.0 0
0.0 0
0.0 0
0.0 0
0.0 0
11.0 15.53764
0.0 0
13.0 15.098431
0.0 0
15.0 13.996539
0.0 0
0.0 0
18.0 8.940907
0.0 0
0.0 0
21.0 5.027033
0.0 0
23.0 10.814213
0.0 0
0.0 0
0.0 0
27.0 16.906605
0.0 0
0.0 0
30.0 16.267458
0.0 0
32.0 16.467802
0.0 0
0.0 0
35.0 13.044035
0.0 0
37.0 3.5659382
0.0 0
39.0 0.05759388
0.0 0
0.0 0
0.0 0
43.0 0.06870354
0.0 0
45.0 3.0746293E-8
0.0 0
0.0 0
48.0 9.074409E-11
0.0 0
0.0 0
0.0 0
0.0 0
53.0 4.2923455
0.0 0
0.0 0
0.0 0
57.0 4.797187
0.0 0
59.0 0.80648243
0.0 0
61.0 0.17076805
0.0 0
63.0 1.0130247
0.0 0
0.0 0
66.0 15.087451
0.0 0
0.0 0
0.0 0
0.0 0
71.0 8.909092
0.0 0
0.0 0
74.0 12.1097765
0.0 0
0.0 0
77.0 0.5095321
0.0 0
0.0 0
0.0 0
81.0 0.49759626
0.0 0
83.0 3.091123
0.0 0
0.0 0
86.0 0.48425454
0.0 0
0.0 0
89.0 0.08305321
0.0 0
91.0 0.28280365
0.0 0
0.0 0
0.0 0
0.0 0
96.0 14.438421
0.0 0
0.0 0
99.0 5.295859
0.0 0
0.0 0
3.0 12.98017
0.0 0
0.0 0
0.0 0
0.0 0
0.0 0
0.0 0
0.0 0
0.0 0
0.0 0
13.0 15.859383
0.0 0
15.0 14.980233
0.0 0
0.0 0
0.0 0
19.0 9.50591
0.0 0
0.0 0
0.0 0
23.0 9.369558
0.0 0
0.0 0
0.0 0
27.0 15.985883
0.0 0
29.0 16.109407
0.0 0
0.0 0
32.0 16.058418
0.0 0
0.0 0
35.0 12.26697
0.0 0
0.0 0
38.0 4.6309032
0.0 0
40.0 0.034602966
0.0 0
0.0 0
43.0 0.06870368
0.0 0
45.0 4.055401E-8
0.0 0
47.0 2.3245054E-10
0.0 0
49.0 3.8576087E-10
0.0 0
0.0 0
0.0 0
0.0 0
54.0 0.017655276
0.0 0
56.0 2.8194833
0.0 0
0.0 0
59.0 9.457566
0.0 0
0.0 0
62.0 8.001403
0.0 0
0.0 0
0.0 0
66.0 15.575607
0.0 0
68.0 1.9217677
0.0 0
0.0 0
71.0 10.294639
0.0 0
73.0 11.797353
0.0 0
0.0 0
0.0 0
77.0 0.58264923
0.0 0
79.0 0.03381554
0.0 0
81.0 0.064991064
0.0 0
83.0 5.4767284
0.0 0
0.0 0
86.0 2.2607791
0.0 0
0.0 0
89.0 0.0038439585
0.0 0
91.0 3.5733507
0.0 0
0.0 0
0.0 0
0.0 0
96.0 13.861596
0.0 0
0.0 0
0.0 0
0.0 0
0.0 0
3.0 11.7321205
0.0 0
0.0 0
6.0 5.819144
0.0 0
0.0 0
0.0 0
0.0 0
0.0 0
0.0 0
13.0 16.267458
0.0 0
15.0 14.099295
0.0 0
17.0 12.755629
0.0 0
0.0 0
0.0 0
21.0 9.73267
0.0 0
23.0 12.611943
0.0 0
25.0 15.681206
0.0 0
0.0 0
28.0 15.800061
0.0 0
0.0 0
0.0 0
32.0 15.005007
0.0 0
0.0 0
35.0 11.051954
0.0 0
0.0 0
38.0 8.903777
0.0 0
40.0 0.003497612
0.0 0
0.0 0
43.0 0.0067137056
0.0 0
0.0 0
46.0 5.6988327E-4
0.0 0
0.0 0
49.0 1.2553822E-10
0.0 0
0.0 0
52.0 1.9557638E-6
0.0 0
54.0 7.7329445
0.0 0
56.0 9.128354
0.0 0
58.0 0.40071425
0.0 0
0.0 0
0.0 0
62.0 1.9476836
0.0 0
0.0 0
0.0 0
66.0 16.795141
0.0 0
68.0 12.076696
0.0 0
0.0 0
71.0 10.592011
0.0 0
0.0 0
74.0 14.642465
0.0 0
76.0 0.9613263
0.0 0
78.0 0.059626747
0.0 0
0.0 0
81.0 0.001787959
0.0 0
83.0 0.31287476
0.0 0
85.0 0.09174623
0.0 0
0.0 0
88.0 0.6266267
0.0 0
0.0 0
91.0 1.5192685
0.0 0
0.0 0
94.0 4.2610607
0.0 0
96.0 11.379847
0.0 0
98.0 7.611038
0.0 0
0.0 0
0.0 0
3.0 8.687185
0.0 0
0.0 0
6.0 11.444436
0.0 0
0.0 0
0.0 0
0.0 0
11.0 15.09294
0.0 0
0.0 0
14.0 15.621668
0.0 0
16.0 11.5297165
0.0 0
0.0 0
0.0 0
0.0 0
21.0 12.010181
0.0 0
23.0 9.892786
0.0 0
0.0 0
0.0 0
27.0 15.837819
0.0 0
29.0 12.561536
0.0 0
31.0 13.789434
0.0 0
33.0 13.541893
0.0 0
0.0 0
36.0 11.749334
0.0 0
38.0 4.058896
0.0 0
40.0 2.3014593
0.0 0
42.0 0.017655315
0.0 0
0.0 0
0.0 0
0.0 0
47.0 9.150549E-4
0.0 0
49.0 1.018409E-11
0.0 0
0.0 0
52.0 8.536326E-8
0.0 0
0.0 0
0.0 0
56.0 11.759649
0.0 0
0.0 0
59.0 0.75175494
0.0 0
0.0 0
62.0 6.8655505
0.0 0
0.0 0
0.0 0
66.0 15.977816
0.0 0
0.0 0
0.0 0
70.0 15.032511
0.0 0
72.0 12.146027
0.0 0
74.0 12.820643
0.0 0
76.0 0.092887685
0.0 0
0.0 0
79.0 0.5807166
0.0 0
81.0 1.7473832
0.0 0
83.0 3.2888281
0.0 0
85.0 0.030679284
0.0 0
0.0 0
88.0 3.8516536
0.0 0
0.0 0
91.0 8.405428
0.0 0
0.0 0
0.0 0
0.0 0
96.0 12.050148
0.0 0
98.0 1.1577
0.0 0
1.0 5.264309
0.0 0
3.0 3.3319461
0.0 0
0.0 0
6.0 10.87636
0.0 0
0.0 0
0.0 0
0.0 0
11.0 15.046255
0.0 0
13.0 15.867464
0.0 0
0.0 0
16.0 13.4625
0.0 0
0.0 0
0.0 0
0.0 0
21.0 12.743206
0.0 0
23.0 13.194883
0.0 0
0.0 0
0.0 0
27.0 17.541
0.0 0
29.0 13.919132
0.0 0
31.0 11.201154
0.0 0
0.0 0
0.0 0
35.0 12.201783
0.0 0
37.0 9.6298
0.0 0
39.0 0.03025299
0.0 0
0.0 0
42.0 0.0028177928
0.0 0
44.0 7.477524E-4
0.0 0
46.0 2.7945896E-10
0.0 0
48.0 1.381726E-6
0.0 0
50.0 5.92788E-7
0.0 0
52.0 2.1605764E-8
0.0 0
0.0 0
0.0 0
56.0 12.073381
0.0 0
0.0 0
59.0 1.5322692
0.0 0
0.0 0
0.0 0
63.0 1.2472159
0.0 0
0.0 0
66.0 15.69473
0.0 0
0.0 0
0.0 0
70.0 15.513212
0.0 0
72.0 12.136153
0.0 0
0.0 0
75.0 11.085797
0.0 0
0.0 0
78.0 2.631191
0.0 0
80.0 0.6307644
0.0 0
0.0 0
83.0 3.0772345
0.0 0
85.0 3.6319184E-6
0.0 0
0.0 0
0.0 0
89.0 8.188654
0.0 0
91.0 5.6797266
0.0 0
0.0 0
0.0 0
0.0 0
96.0 11.278266
0.0 0
98.0 7.827762
0.0 0
1.0 5.4845634
0.0 0
0.0 0
0.0 0
0.0 0
6.0 12.142736
0.0 0
0.0 0
0.0 0
0.0 0
11.0 15.101175
0.0 0
13.0 15.902479
0.0 0
15.0 13.7604885
0.0 0
17.0 7.572121
0.0 0
0.0 0
20.0 11.697581
0.0 0
0.0 0
23.0 14.275128
0.0 0
25.0 13.329287
0.0 0
27.0 15.875548
0.0 0
29.0 9.510719
0.0 0
31.0 4.4730034
0.0 0
0.0 0
34.0 9.290227
0.0 0
0.0 0
37.0 7.9768624
0.0 0
39.0 0.019675981
0.0 0
0.0 0
0.0 0
43.0 11.089549
0.0 0
0.0 0
0.0 0
0.0 0
0.0 0
49.0 5.869905E-8
0.0 0
51.0 1.9337213E-14
0.0 0
0.0 0
0.0 0
0.0 0
56.0 5.153701
0.0 0
0.0 0
59.0 3.5511215
0.0 0
0.0 0
62.0 0.47122765
0.0 0
0.0 0
0.0 0
66.0 15.894401
0.0 0
0.0 0
69.0 15.169703
0.0 0
71.0 12.514065
0.0 0
0.0 0
74.0 12.7866335
0.0 0
0.0 0
0.0 0
78.0 1.493522
0.0 0
80.0 7.7962956
0.0 0
0.0 0
0.0 0
84.0 0.7139818
0.0 0
0.0 0
0.0 0
0.0 0
89.0 1.5192707
0.0 0
91.0 9.99131
0.0 0
0.0 0
0.0 0
0.0 0
96.0 11.462281
0.0 0
0.0 0
99.0 9.676777
0.0 0
0.0 0
0.0 0
0.0 0
5.0 12.495022
0.0 0
7.0 4.931941
0.0 0
0.0 0
0.0 0
0.0 0
0.0 0
13.0 15.875548
0.0 0
15.0 14.6341095
0.0 0
17.0 4.45725
0.0 0
0.0 0
20.0 4.876448
0.0 0
0.0 0
23.0 12.152606
0.0 0
25.0 13.430041
0.0 0
0.0 0
28.0 8.962019
0.0 0
0.0 0
0.0 0
0.0 0
0.0 0
34.0 9.204775
0.0 0
0.0 0
37.0 2.9536424
0.0 0
0.0 0
0.0 0
41.0 16.299555
0.0 0
43.0 14.477677
0.0 0
0.0 0
0.0 0
47.0 3.347573E-10
0.0 0
49.0 9.535588E-4
0.0 0
51.0 4.6407359E-10
0.0 0
0.0 0
0.0 0
0.0 0
56.0 0.43547148
0.0 0
0.0 0
59.0 10.30309
0.0 0
61.0 2.1640027
0.0 0
0.0 0
0.0 0
0.0 0
66.0 15.713652
0.0 0
0.0 0
0.0 0
70.0 15.20255
0.0 0
0.0 0
0.0 0
74.0 14.73143
0.0 0
76.0 1.658105E-6
0.0 0
78.0 4.3943157
0.0 0
80.0 6.8584676
0.0 0
82.0 0.17677131
0.0 0
84.0 0.0038893113
0.0 0
86.0 1.6164589E-11
0.0 0
88.0 0.072603405
0.0 0
0.0 0
91.0 11.156716
0.0 0
0.0 0
0.0 0
0.0 0
96.0 11.936445
0.0 0
0.0 0
99.0 5.539368
0.0 0
0.0 0
0.0 0
4.0 7.5395365
0.0 0
6.0 9.107812
0.0 0
0.0 0
0.0 0
0.0 0
0.0 0
0.0 0
0.0 0
14.0 16.16303
0.0 0
16.0 11.112008
0.0 0
0.0 0
19.0 1.4265424
0.0 0
0.0 0
0.0 0
23.0 12.418495
0.0 0
25.0 13.617986
0.0 0
0.0 0
28.0 4.8764443
0.0 0
0.0 0
31.0 4.3943124
0.0 0
33.0 11.61059
0.0 0
35.0 9.852019
0.0 0
0.0 0
0.0 0
39.0 16.042307
0.0 0
41.0 15.575606
0.0 0
43.0 14.980233
0.0 0
45.0 3.3208526E-6
0.0 0
47.0 1.4616265E-11
0.0 0
0.0 0
50.0 2.8423658E-6
0.0 0
52.0 3.0296092E-11
0.0 0
54.0 0.68228346
0.0 0
56.0 5.264309
0.0 0
0.0 0
59.0 10.514876
0.0 0
61.0 4.591384
0.0 0
0.0 0
0.0 0
0.0 0
66.0 16.353012
0.0 0
0.0 0
0.0 0
70.0 16.036936
0.0 0
0.0 0
0.0 0
74.0 14.767491
0.0 0
0.0 0
0.0 0
78.0 3.0357459
0.0 0
80.0 0.21047212
0.0 0
82.0 2.1528099
0.0 0
84.0 4.382405E-9
0.0 0
86.0 3.0297397E-11
0.0 0
0.0 0
0.0 0
0.0 0
91.0 13.329286
0.0 0
93.0 0.1574584
0.0 0
0.0 0
96.0 10.18801
0.0 0
98.0 7.958397
0.0 0
1.0 0.19370386
0.0 0
3.0 8.967286
0.0 0
5.0 0.6690752
0.0 0
0.0 0
0.0 0
0.0 0
0.0 0
0.0 0
0.0 0
13.0 16.015446
0.0 0
15.0 14.441229
0.0 0
0.0 0
18.0 5.0428824
0.0 0
0.0 0
21.0 12.463202
0.0 0
23.0 7.440932
0.0 0
25.0 12.331722
0.0 0
0.0 0
28.0 2.3426104
0.0 0
30.0 1.7045126
0.0 0
0.0 0
33.0 10.273456
0.0 0
35.0 6.071834
0.0 0
0.0 0
0.0 0
0.0 0
0.0 0
41.0 15.518643
0.0 0
43.0 14.542038
0.0 0
45.0 0.0043446445
0.0 0
0.0 0
0.0 0
49.0 6.257136E-12
0.0 0
51.0 2.7716527E-12
0.0 0
53.0 1.3035766
0.0 0
0.0 0
0.0 0
57.0 5.003269
0.0 0
59.0 1.1032275
0.0 0
61.0 10.166462
0.0 0
0.0 0
0.0 0
0.0 0
66.0 15.7487755
0.0 0
0.0 0
0.0 0
70.0 16.683527
0.0 0
0.0 0
73.0 13.260745
0.0 0
75.0 12.086634
0.0 0
0.0 0
78.0 0.67125905
0.0 0
80.0 1.6576586E-4
0.0 0
82.0 0.75659466
0.0 0
84.0 1.8760878E-11
0.0 0
0.0 0
87.0 0.0051603806
0.0 0
89.0 0.23803663
0.0 0
91.0 12.900659
0.0 0
0.0 0
0.0 0
0.0 0
96.0 9.87923
0.0 0
0.0 0
99.0 10.328377
0.0 0
0.0 0
3.0 9.709445
0.0 0
0.0 0
6.0 0.6123307
0.0 0
0.0 0
0.0 0
0.0 0
11.0 14.867138
0.0 0
13.0 15.9186325
0.0 0
0.0 0
16.0 10.926441
0.0 0
18.0 1.7666911
0.0 0
0.0 0
21.0 2.226299
0.0 0
23.0 13.944969
0.0 0
25.0 9.681457
0.0 0
0.0 0
28.0 5.2879777
0.0 0
0.0 0
31.0 3.9740875
0.0 0
33.0 7.260261
0.0 0
35.0 7.9645567
0.0 0
0.0 0
0.0 0
39.0 14.082204
0.0 0
0.0 0
0.0 0
0.0 0
44.0 13.7315
0.0 0
0.0 0
47.0 2.1719484E-11
0.0 0
0.0 0
50.0 1.461695E-11
0.0 0
0.0 0
53.0 1.567363
0.0 0
0.0 0
0.0 0
57.0 7.4475446
0.0 0
0.0 0
0.0 0
0.0 0
62.0 9.737307
0.0 0
0.0 0
0.0 0
66.0 16.462467
0.0 0
68.0 14.382238
0.0 0
70.0 15.767677
0.0 0
72.0 14.444036
0.0 0
0.0 0
75.0 14.244033
0.0 0
0.0 0
0.0 0
79.0 0.46482804
0.0 0
0.0 0
82.0 0.06252636
0.0 0
0.0 0
0.0 0
0.0 0
87.0 1.6763743
0.0 0
89.0 0.098383695
0.0 0
91.0 8.681672
0.0 0
0.0 0
0.0 0
0.0 0
96.0 13.218867
0.0 0
0.0 0
99.0 6.7229004
0.0 0
0.0 0
3.0 3.9664066
0.0 0
0.0 0
6.0 5.8114223
0.0 0
0.0 0
0.0 0
0.0 0
0.0 0
0.0 0
0.0 0
14.0 16.192503
0.0 0
0.0 0
17.0 12.580464
0.0 0
0.0 0
0.0 0
21.0 11.321969
0.0 0
23.0 12.658994
0.0 0
25.0 9.5681715
0.0 0
0.0 0
28.0 5.4924035
0.0 0
0.0 0
31.0 6.5416794
0.0 0
33.0 4.9794936
0.0 0
35.0 11.56146
0.0 0
0.0 0
0.0 0
39.0 11.379847
0.0 0
0.0 0
42.0 4.9953456
0.0 0
0.0 0
45.0 12.536242
0.0 0
47.0 3.0577317E-7
0.0 0
0.0 0
50.0 1.01835936E-11
0.0 0
0.0 0
53.0 3.4627535
0.0 0
55.0 8.834215
0.0 0
57.0 4.583475
0.0 0
59.0 5.453192
0.0 0
0.0 0
62.0 12.122975
0.0 0
0.0 0
0.0 0
66.0 16.80842
0.0 0
0.0 0
0.0 0
70.0 15.977816
0.0 0
72.0 13.913385
0.0 0
74.0 14.039414
0.0 0
76.0 2.010896
0.0 0
0.0 0
79.0 0.23453338
0.0 0
0.0 0
82.0 0.009342569
0.0 0
84.0 3.524338E-12
0.0 0
0.0 0
87.0 4.151926
0.0 0
89.0 0.10206687
0.0 0
91.0 6.0033183
0.0 0
0.0 0
94.0 6.1097584
0.0 0
96.0 11.048183
0.0 0
0.0 0
99.0 8.508315
0.0 0
0.0 0
3.0 0.7326587
0.0 0
0.0 0
6.0 0.006212521
0.0 0
0.0 0
0.0 0
0.0 0
0.0 0
0.0 0
0.0 0
0.0 0
15.0 16.688843
0.0 0
17.0 6.0870175
0.0 0
0.0 0
20.0 11.638529
0.0 0
22.0 12.386444
0.0 0
0.0 0
25.0 12.967967
0.0 0
0.0 0
28.0 5.8884478
0.0 0
0.0 0
0.0 0
32.0 15.396317
0.0 0
34.0 10.290406
0.0 0
0.0 0
37.0 9.179408
0.0 0
39.0 9.209835
0.0 0
41.0 5.216936
0.0 0
0.0 0
0.0 0
0.0 0
46.0 13.18888
0.0 0
48.0 2.7716527E-12
0.0 0
0.0 0
0.0 0
52.0 0.097181685
0.0 0
0.0 0
55.0 9.99575
0.0 0
57.0 12.240948
0.0 0
0.0 0
0.0 0
0.0 0
62.0 14.119216
0.0 0
0.0 0
0.0 0
66.0 16.832312
0.0 0
68.0 15.81355
0.0 0
0.0 0
71.0 15.96975
0.0 0
0.0 0
74.0 13.942099
0.0 0
76.0 1.4850177
0.0 0
0.0 0
79.0 0.2251343
0.0 0
0.0 0
82.0 0.011709752
0.0 0
84.0 9.887334E-13
0.0 0
0.0 0
87.0 1.3074021
0.0 0
0.0 0
0.0 0
91.0 7.6818647
0.0 0
0.0 0
0.0 0
0.0 0
96.0 11.126943
0.0 0
98.0 6.808742
0.0 0
0.0 0
0.0 0
3.0 0.18719256
0.0 0
0.0 0
6.0 0.053010117
0.0 0
0.0 0
0.0 0
0.0 0
0.0 0
0.0 0
13.0 16.283508
0.0 0
15.0 13.757591
0.0 0
0.0 0
0.0 0
0.0 0
20.0 13.218867
0.0 0
22.0 13.9076395
0.0 0
0.0 0
25.0 12.036843
0.0 0
0.0 0
28.0 5.050802
0.0 0
0.0 0
0.0 0
32.0 17.925179
0.0 0
34.0 13.394556
0.0 0
0.0 0
37.0 10.895667
0.0 0
0.0 0
40.0 10.009052
0.0 0
42.0 6.801611
0.0 0
0.0 0
45.0 13.500773
0.0 0
47.0 6.978139
0.0 0
0.0 0
0.0 0
51.0 0.01688327
0.0 0
53.0 1.365935
0.0 0
0.0 0
56.0 12.736988
0.0 0
0.0 0
0.0 0
60.0 8.818049
0.0 0
62.0 15.510499
0.0 0
0.0 0
0.0 0
66.0 17.166138
0.0 0
0.0 0
0.0 0
70.0 16.353012
0.0 0
0.0 0
0.0 0
74.0 12.5362425
0.0 0
76.0 0.008530972
0.0 0
0.0 0
79.0 0.3619908
0.0 0
0.0 0
82.0 0.0024175253
0.0 0
0.0 0
0.0 0
0.0 0
0.0 0
88.0 1.2657787
0.0 0
0.0 0
91.0 7.0685925
0.0 0
93.0 0.9494906
0.0 0
0.0 0
96.0 12.964917
0.0 0
0.0 0
99.0 7.4343143
0.0 0
0.0 0
3.0 0.3208172
0.0 0
5.0 5.445345
0.0 0
7.0 4.19083
0.0 0
0.0 0
0.0 0
0.0 0
0.0 0
13.0 16.16035
0.0 0
15.0 15.191604
0.0 0
0.0 0
0.0 0
19.0 15.716356
0.0 0
21.0 8.224298
0.0 0
23.0 12.234429
0.0 0
25.0 14.483278
0.0 0
0.0 0
28.0 10.000186
0.0 0
0.0 0
0.0 0
32.0 17.226948
0.0 0
34.0 11.0632515
0.0 0
0.0 0
37.0 11.725222
0.0 0
0.0 0
40.0 9.820119
0.0 0
42.0 0.20655215
0.0 0
0.0 0
0.0 0
46.0 13.85007
0.0 0
48.0 0.00799646
0.0 0
0.0 0
51.0 6.185296
0.0 0
53.0 3.760607
0.0 0
0.0 0
0.0 0
57.0 11.4907465
0.0 0
0.0 0
0.0 0
0.0 0
62.0 15.891709
0.0 0
0.0 0
65.0 17.139688
0.0 0
0.0 0
0.0 0
69.0 17.80163
0.0 0
71.0 16.390408
0.0 0
0.0 0
74.0 13.248792
0.0 0
76.0 0.019772518
0.0 0
0.0 0
79.0 0.34450626
0.0 0
0.0 0
82.0 0.03350506
0.0 0
84.0 2.0748305E-13
0.0 0
0.0 0
0.0 0
88.0 1.7618489
0.0 0
0.0 0
91.0 9.520334
0.0 0
0.0 0
0.0 0
0.0 0
96.0 14.6842
0.0 0
0.0 0
99.0 7.440932
0.0 0
0.0 0
3.0 5.1695156
0.0 0
5.0 11.1381235
0.0 0
7.0 10.044383
0.0 0
0.0 0
0.0 0
0.0 0
0.0 0
13.0 16.058418
0.0 0
15.0 14.3428335
0.0 0
0.0 0
0.0 0
19.0 16.473139
0.0 0
21.0 11.167852
0.0 0
23.0 11.638529
0.0 0
25.0 11.30743
0.0 0
0.0 0
0.0 0
29.0 11.725222
0.0 0
31.0 15.418091
0.0 0
33.0 13.7488985
0.0 0
35.0 11.831487
0.0 0
37.0 7.1031375
0.0 0
0.0 0
40.0 11.300148
0.0 0
0.0 0
0.0 0
44.0 3.0703068
0.0 0
46.0 12.201783
0.0 0
48.0 0.10501622
0.0 0
0.0 0
51.0 5.4845634
0.0 0
53.0 8.882454
0.0 0
0.0 0
0.0 0
57.0 14.483279
0.0 0
0.0 0
0.0 0
0.0 0
62.0 15.56205
0.0 0
0.0 0
0.0 0
66.0 17.488281
0.0 0
0.0 0
69.0 18.19295
0.0 0
71.0 16.986132
0.0 0
0.0 0
74.0 12.721431
0.0 0
76.0 0.19151103
0.0 0
78.0 0.86185986
0.0 0
0.0 0
0.0 0
82.0 0.10980332
0.0 0
0.0 0
0.0 0
0.0 0
87.0 0.40351546
0.0 0
89.0 0.991465
0.0 0
91.0 11.749334
0.0 0
0.0 0
0.0 0
0.0 0
96.0 14.650818
0.0 0
0.0 0
99.0 5.6719537
0.0 0
0.0 0
3.0 7.506807
0.0 0
5.0 9.428375
0.0 0
7.0 10.543404
0.0 0
0.0 0
0.0 0
0.0 0
0.0 0
13.0 16.208572
0.0 0
0.0 0
16.0 13.338202
0.0 0
0.0 0
19.0 13.893262
0.0 0
0.0 0
22.0 11.311069
0.0 0
0.0 0
25.0 11.543844
0.0 0
0.0 0
28.0 13.5037155
0.0 0
0.0 0
31.0 14.750854
0.0 0
33.0 13.603379
0.0 0
35.0 12.139445
0.0 0
37.0 8.909092
0.0 0
0.0 0
40.0 8.55351
0.0 0
0.0 0
0.0 0
44.0 6.7587543
0.0 0
46.0 0.025291258
0.0 0
0.0 0
49.0 0.0010778621
0.0 0
0.0 0
0.0 0
53.0 13.450706
0.0 0
0.0 0
0.0 0
57.0 13.480176
0.0 0
0.0 0
0.0 0
0.0 0
62.0 15.581029
0.0 0
0.0 0
0.0 0
0.0 0
67.0 17.977722
0.0 0
69.0 17.99348
0.0 0
0.0 0
72.0 18.915413
0.0 0
74.0 13.702465
0.0 0
76.0 2.2205818
0.0 0
78.0 5.445345
0.0 0
80.0 1.405891E-13
0.0 0
82.0 0.056354716
0.0 0
84.0 3.572735E-8
0.0 0
0.0 0
0.0 0
88.0 1.334458
0.0 0
0.0 0
91.0 11.340103
0.0 0
0.0 0
0.0 0
0.0 0
96.0 14.107835
0.0 0
0.0 0
99.0 6.230419
0.0 0
0.0 0
3.0 9.209835
0.0 0
5.0 9.0301485
0.0 0
0.0 0
0.0 0
0.0 0
0.0 0
0.0 0
0.0 0
13.0 16.061104
0.0 0
0.0 0
16.0 13.01366
0.0 0
0.0 0
19.0 9.230032
0.0 0
0.0 0
22.0 10.127484
0.0 0
0.0 0
0.0 0
26.0 15.472472
0.0 0
0.0 0
29.0 15.581029
0.0 0
0.0 0
32.0 15.862076
0.0 0
34.0 10.461557
0.0 0
0.0 0
37.0 7.082426
0.0 0
39.0 3.8745227
0.0 0
41.0 6.556295
0.0 0
43.0 4.591377
0.0 0
45.0 13.403437
0.0 0
47.0 0.08202
0.0 0
49.0 0.15684827
0.0 0
0.0 0
0.0 0
53.0 13.083413
0.0 0
55.0 12.450448
0.0 0
0.0 0
0.0 0
59.0 15.543065
0.0 0
0.0 0
62.0 15.409927
0.0 0
0.0 0
0.0 0
0.0 0
67.0 18.077497
0.0 0
69.0 17.898903
0.0 0
0.0 0
72.0 17.701654
0.0 0
0.0 0
75.0 13.699556
0.0 0
0.0 0
78.0 11.274608
0.0 0
80.0 8.676929E-7
0.0 0
82.0 0.035083357
0.0 0
84.0 6.487992E-4
0.0 0
0.0 0
0.0 0
0.0 0
89.0 7.649757
0.0 0
91.0 11.707959
0.0 0
0.0 0
0.0 0
0.0 0
96.0 12.848398
0.0 0
0.0 0
99.0 3.0772376
0.0 0
0.0 0
3.0 10.013479
0.0 0
5.0 4.916085
0.0 0
0.0 0
0.0 0
0.0 0
0.0 0
0.0 0
0.0 0
13.0 16.203217
0.0 0
0.0 0
16.0 12.727657
0.0 0
0.0 0
19.0 10.604111
0.0 0
0.0 0
0.0 0
0.0 0
24.0 16.23802
0.0 0
26.0 16.144266
0.0 0
0.0 0
29.0 16.885384
0.0 0
31.0 16.614347
0.0 0
33.0 13.284623
0.0 0
35.0 6.6363072
0.0 0
37.0 9.760423
0.0 0
39.0 3.7153585
0.0 0
0.0 0
42.0 6.8867607
0.0 0
0.0 0
0.0 0
46.0 13.019742
0.0 0
48.0 0.12736078
0.0 0
0.0 0
0.0 0
0.0 0
0.0 0
54.0 10.782923
0.0 0
0.0 0
57.0 15.276352
0.0 0
59.0 15.602709
0.0 0
0.0 0
62.0 15.786571
0.0 0
64.0 15.940162
0.0 0
0.0 0
67.0 17.809519
0.0 0
0.0 0
70.0 17.22959
0.0 0
72.0 16.267458
0.0 0
74.0 14.98574
0.0 0
76.0 0.3007402
0.0 0
78.0 11.540313
0.0 0
80.0 1.3776618E-4
0.0 0
82.0 0.016549895
0.0 0
0.0 0
0.0 0
0.0 0
0.0 0
0.0 0
89.0 7.5656166
0.0 0
91.0 12.510894
0.0 0
93.0 3.7530494
0.0 0
95.0 12.85456
0.0 0
0.0 0
0.0 0
99.0 13.266719
0.0 0
0.0 0
3.0 11.582554
0.0 0
5.0 1.0509
0.0 0
7.0 7.3544545
0.0 0
0.0 0
0.0 0
0.0 0
0.0 0
13.0 16.22196
0.0 0
15.0 13.49195
0.0 0
17.0 11.624568
0.0 0
19.0 0.12092734
0.0 0
0.0 0
0.0 0
0.0 0
24.0 16.734037
0.0 0
26.0 16.294207
0.0 0
0.0 0
29.0 17.049704
0.0 0
0.0 0
32.0 18.171963
0.0 0
0.0 0
0.0 0
0.0 0
37.0 13.568274
0.0 0
39.0 2.9468546
0.0 0
41.0 0.10501622
0.0 0
43.0 11.278263
0.0 0
0.0 0
0.0 0
47.0 14.025133
0.0 0
0.0 0
50.0 11.025518
0.0 0
0.0 0
53.0 13.185876
0.0 0
0.0 0
0.0 0
57.0 15.646034
0.0 0
59.0 13.985089
0.0 0
61.0 16.079895
0.0 0
0.0 0
64.0 15.564763
0.0 0
0.0 0
0.0 0
68.0 17.627937
0.0 0
70.0 17.329971
0.0 0
72.0 16.949026
0.0 0
74.0 15.683913
0.0 0
76.0 0.24069445
0.0 0
78.0 2.9265437
0.0 0
80.0 0.108040795
0.0 0
82.0 8.65869E-4
0.0 0
0.0 0
0.0 0
86.0 10.269216
0.0 0
88.0 1.6717218
0.0 0
0.0 0
91.0 11.415795
0.0 0
93.0 11.5297165
0.0 0
95.0 12.392863
0.0 0
0.0 0
98.0 13.841418
0.0 0
1.0 3.7886453E-4
0.0 0
3.0 4.190834
0.0 0
5.0 2.0108984
0.0 0
7.0 9.778852
0.0 0
0.0 0
0.0 0
0.0 0
0.0 0
13.0 16.27816
0.0 0
0.0 0
0.0 0
17.0 12.580464
0.0 0
19.0 1.307404
0.0 0
0.0 0
0.0 0
0.0 0
24.0 17.61477
0.0 0
0.0 0
27.0 17.123816
0.0 0
29.0 17.385406
0.0 0
31.0 17.49092
0.0 0
33.0 14.370986
0.0 0
0.0 0
0.0 0
37.0 14.650818
0.0 0
39.0 12.172307
0.0 0
0.0 0
42.0 7.4673486
0.0 0
44.0 11.868874
0.0 0
0.0 0
47.0 13.317388
0.0 0
0.0 0
0.0 0
0.0 0
52.0 15.09294
0.0 0
0.0 0
55.0 15.2544985
0.0 0
57.0 14.856081
0.0 0
59.0 14.753629
0.0 0
61.0 16.085262
0.0 0
63.0 16.385067
0.0 0
65.0 18.211306
0.0 0
67.0 17.754282
0.0 0
69.0 17.733232
0.0 0
0.0 0
72.0 16.718092
0.0 0
74.0 15.445289
0.0 0
76.0 0.36583754
0.0 0
78.0 0.8483915
0.0 0
0.0 0
81.0 0.046637688
0.0 0
0.0 0
0.0 0
0.0 0
86.0 11.0293
0.0 0
88.0 1.5806798
0.0 0
90.0 12.567849
0.0 0
0.0 0
93.0 6.773061
0.0 0
95.0 13.76628
0.0 0
0.0 0
98.0 11.063254
0.0 0
1.0 2.3927003E-4
0.0 0
3.0 0.30291426
0.0 0
5.0 8.128819
0.0 0
7.0 11.408619
0.0 0
0.0 0
0.0 0
0.0 0
0.0 0
13.0 16.27816
0.0 0
15.0 11.494297
0.0 0
17.0 10.555592
0.0 0
19.0 3.4836354E-4
0.0 0
0.0 0
0.0 0
0.0 0
24.0 15.553916
0.0 0
0.0 0
27.0 16.211248
0.0 0
0.0 0
0.0 0
0.0 0
32.0 17.451363
0.0 0
34.0 14.0850525
0.0 0
36.0 15.827033
0.0 0
38.0 13.579984
0.0 0
0.0 0
41.0 15.103918
0.0 0
43.0 11.405028
0.0 0
45.0 8.681672
0.0 0
0.0 0
48.0 15.153267
0.0 0
0.0 0
0.0 0
0.0 0
0.0 0
54.0 15.59187
0.0 0
0.0 0
0.0 0
58.0 15.664979
0.0 0
0.0 0
0.0 0
62.0 15.964373
0.0 0
0.0 0
0.0 0
0.0 0
67.0 18.003984
0.0 0
69.0 17.656902
0.0 0
0.0 0
72.0 17.004679
0.0 0
0.0 0
75.0 16.036936
0.0 0
0.0 0
78.0 1.093255
0.0 0
0.0 0
0.0 0
82.0 0.05809588
0.0 0
0.0 0
0.0 0
86.0 9.847468
0.0 0
88.0 0.79882526
0.0 0
0.0 0
91.0 11.318338
0.0 0
93.0 11.501394
0.0 0
95.0 14.156167
0.0 0
97.0 15.150529
0.0 0
99.0 11.800773
0.0 0
0.0 0
3.0 0.7663532
0.0 0
5.0 10.31996
0.0 0
7.0 13.317388
0.0 0
0.0 0
0.0 0
0.0 0
0.0 0
13.0 16.3156
0.0 0
0.0 0
16.0 11.793932
0.0 0
18.0 10.77115
0.0 0
0.0 0
0.0 0
0.0 0
23.0 15.437131
0.0 0
0.0 0
26.0 14.711992
0.0 0
0.0 0
0.0 0
0.0 0
0.0 0
32.0 17.51728
0.0 0
34.0 15.3391075
0.0 0
0.0 0
37.0 16.382397
0.0 0
0.0 0
40.0 14.714769
0.0 0
42.0 15.456163
0.0 0
44.0 11.725222
0.0 0
0.0 0
0.0 0
48.0 16.296883
0.0 0
50.0 14.784123
0.0 0
0.0 0
0.0 0
54.0 16.098679
0.0 0
0.0 0
0.0 0
58.0 15.713652
0.0 0
0.0 0
61.0 16.91456
0.0 0
0.0 0
0.0 0
65.0 17.919924
0.0 0
0.0 0
0.0 0
0.0 0
70.0 17.69639
0.0 0
0.0 0
73.0 14.725878
0.0 0
75.0 16.235346
0.0 0
77.0 0.8430515
0.0 0
0.0 0
80.0 9.479731E-9
0.0 0
82.0 8.140826
0.0 0
0.0 0
0.0 0
0.0 0
0.0 0
88.0 8.330085
0.0 0
0.0 0
91.0 12.964917
0.0 0
93.0 9.572938
0.0 0
0.0 0
96.0 14.864373
0.0 0
0.0 0
99.0 8.428433
0.0 0
0.0 0
3.0 3.4408078
0.0 0
5.0 11.666371
0.0 0
7.0 12.341403
0.0 0
0.0 0
0.0 0
0.0 0
0.0 0
13.0 16.334309
0.0 0
0.0 0
16.0 13.494892
0.0 0
18.0 5.042879
0.0 0
0.0 0
0.0 0
22.0 14.280779
0.0 0
24.0 15.076469
0.0 0
26.0 13.93923
0.0 0
0.0 0
29.0 15.543064
0.0 0
0.0 0
32.0 17.226948
0.0 0
34.0 15.681209
0.0 0
0.0 0
37.0 16.542444
0.0 0
0.0 0
0.0 0
0.0 0
42.0 15.719058
0.0 0
44.0 15.363634
0.0 0
46.0 15.147788
0.0 0
48.0 16.635641
0.0 0
50.0 15.494206
0.0 0
0.0 0
0.0 0
54.0 16.69948
0.0 0
0.0 0
0.0 0
58.0 16.079895
0.0 0
0.0 0
61.0 17.762177
0.0 0
0.0 0
0.0 0
65.0 18.638266
0.0 0
67.0 17.113232
0.0 0
69.0 17.49092
0.0 0
71.0 17.356373
0.0 0
73.0 16.901299
0.0 0
75.0 16.877426
0.0 0
77.0 5.074559
0.0 0
79.0 2.3111537E-9
0.0 0
0.0 0
82.0 8.542242
0.0 0
0.0 0
0.0 0
86.0 10.547468
0.0 0
88.0 6.9008794
0.0 0
90.0 12.103169
0.0 0
0.0 0
93.0 5.327387
0.0 0
0.0 0
96.0 14.825658
0.0 0
0.0 0
99.0 10.676218
0.0 0
0.0 0
3.0 9.549083
0.0 0
5.0 11.533253
0.0 0
7.0 10.31996
0.0 0
0.0 0
0.0 0
0.0 0
0.0 0
13.0 16.19786
0.0 0
0.0 0
0.0 0
17.0 13.993676
0.0 0
0.0 0
0.0 0
0.0 0
22.0 14.139122
0.0 0
24.0 13.967903
0.0 0
26.0 13.815445
0.0 0
28.0 12.418496
0.0 0
0.0 0
31.0 17.200512
0.0 0
33.0 15.8539915
0.0 0
0.0 0
0.0 0
37.0 16.694162
0.0 0
0.0 0
0.0 0
41.0 16.489138
0.0 0
43.0 16.00201
0.0 0
0.0 0
46.0 17.15027
0.0 0
0.0 0
49.0 16.154991
0.0 0
51.0 15.816248
0.0 0
53.0 15.396317
0.0 0
55.0 15.3391075
0.0 0
57.0 15.797363
0.0 0
59.0 17.245445
0.0 0
61.0 17.859476
0.0 0
0.0 0
64.0 18.954601
0.0 0
66.0 17.493555
0.0 0
68.0 17.282434
0.0 0
70.0 17.951454
0.0 0
0.0 0
73.0 17.58316
0.0 0
75.0 17.477736
0.0 0
77.0 7.4936786
0.0 0
79.0 3.4072036E-6
0.0 0
0.0 0
82.0 0.32893974
0.0 0
0.0 0
0.0 0
86.0 8.134825
0.0 0
88.0 1.8859105
0.0 0
0.0 0
91.0 12.086635
0.0 0
93.0 10.747546
0.0 0
95.0 14.659166
0.0 0
97.0 7.4011354
0.0 0
99.0 10.315748
0.0 0
0.0 0
3.0 12.270216
0.0 0
5.0 11.465843
0.0 0
0.0 0
0.0 0
0.0 0
0.0 0
0.0 0
0.0 0
13.0 16.377056
0.0 0
0.0 0
0.0 0
17.0 13.251782
0.0 0
0.0 0
20.0 9.676779
0.0 0
22.0 13.731502
0.0 0
24.0 14.00512
0.0 0
26.0 13.382709
0.0 0
0.0 0
29.0 13.341173
0.0 0
0.0 0
32.0 17.366934
0.0 0
34.0 15.5186405
0.0 0
36.0 16.949026
0.0 0
38.0 15.467036
0.0 0
0.0 0
41.0 17.04176
0.0 0
0.0 0
44.0 16.736696
0.0 0
0.0 0
47.0 16.734037
0.0 0
0.0 0
50.0 15.991259
0.0 0
52.0 16.22196
0.0 0
0.0 0
55.0 16.16303
0.0 0
57.0 16.55843
0.0 0
59.0 17.749022
0.0 0
61.0 17.519917
0.0 0
0.0 0
64.0 18.334524
0.0 0
0.0 0
67.0 18.287344
0.0 0
69.0 18.554523
0.0 0
71.0 17.559448
0.0 0
73.0 17.211086
0.0 0
75.0 17.938318
0.0 0
77.0 0.78119844
0.0 0
79.0 6.8689283E-4
0.0 0
0.0 0
82.0 0.30730516
0.0 0
0.0 0
85.0 7.040857
0.0 0
87.0 4.749646
0.0 0
0.0 0
0.0 0
91.0 11.6837225
0.0 0
93.0 7.7899833
0.0 0
95.0 14.3738
0.0 0
97.0 1.1577
0.0 0
99.0 10.535267
0.0 0
0.0 0
3.0 13.489007
0.0 0
5.0 9.107812
0.0 0
0.0 0
0.0 0
0.0 0
0.0 0
0.0 0
0.0 0
13.0 16.459799
0.0 0
15.0 11.141846
0.0 0
17.0 7.6304226
0.0 0
0.0 0
0.0 0
0.0 0
22.0 13.617986
0.0 0
0.0 0
0.0 0
26.0 12.6840105
0.0 0
0.0 0
29.0 14.622966
0.0 0
0.0 0
32.0 17.279793
0.0 0
34.0 15.810853
0.0 0
36.0 17.152914
0.0 0
38.0 15.848603
0.0 0
0.0 0
41.0 17.012627
0.0 0
0.0 0
0.0 0
45.0 16.88008
0.0 0
47.0 16.299555
0.0 0
49.0 16.611689
0.0 0
0.0 0
52.0 16.117455
0.0 0
0.0 0
55.0 16.893341
0.0 0
57.0 17.245445
0.0 0
59.0 17.883133
0.0 0
61.0 17.21373
0.0 0
0.0 0
64.0 17.922552
0.0 0
0.0 0
0.0 0
68.0 18.455032
0.0 0
70.0 17.922552
0.0 0
72.0 17.612137
0.0 0
0.0 0
75.0 18.085373
0.0 0
77.0 3.7530527
0.0 0
0.0 0
80.0 2.0755546
0.0 0
0.0 0
0.0 0
0.0 0
85.0 13.985087
0.0 0
87.0 6.079426
0.0 0
0.0 0
0.0 0
91.0 12.344625
0.0 0
93.0 2.6888154
0.0 0
95.0 14.667514
0.0 0
97.0 0.32659996
0.0 0
99.0 10.395322
0.0 0
0.0 0
3.0 12.129565
0.0 0
5.0 6.519725
0.0 0
0.0 0
0.0 0
0.0 0
0.0 0
0.0 0
0.0 0
13.0 16.264784
0.0 0
15.0 12.879168
0.0 0
0.0 0
0.0 0
19.0 9.374479
0.0 0
0.0 0
22.0 13.574128
0.0 0
0.0 0
25.0 13.780755
0.0 0
0.0 0
0.0 0
29.0 15.038009
0.0 0
0.0 0
0.0 0
33.0 17.234875
0.0 0
0.0 0
0.0 0
37.0 17.361652
0.0 0
0.0 0
0.0 0
0.0 0
42.0 17.411793
0.0 0
0.0 0
45.0 17.107939
0.0 0
47.0 16.792486
0.0 0
49.0 16.505133
0.0 0
0.0 0
0.0 0
0.0 0
54.0 17.21373
0.0 0
0.0 0
57.0 17.012627
0.0 0
59.0 18.145731
0.0 0
0.0 0
62.0 17.680597
0.0 0
0.0 0
65.0 17.799
0.0 0
0.0 0
68.0 18.601631
0.0 0
70.0 17.580524
0.0 0
72.0 17.086767
0.0 0
0.0 0
75.0 18.22442
0.0 0
0.0 0
78.0 10.382823
0.0 0
80.0 2.7996607
0.0 0
82.0 0.012394969
0.0 0
0.0 0
85.0 15.081963
0.0 0
0.0 0
88.0 9.339932
0.0 0
0.0 0
91.0 11.582554
0.0 0
93.0 6.992114
0.0 0
95.0 14.558801
0.0 0
97.0 1.4347838
0.0 0
99.0 11.0481825
0.0 0
2.0 12.026856
0.0 0
0.0 0
5.0 1.527924
0.0 0
0.0 0
0.0 0
0.0 0
0.0 0
0.0 0
0.0 0
13.0 16.489138
0.0 0
15.0 3.2388554
0.0 0
0.0 0
18.0 10.328379
0.0 0
0.0 0
21.0 12.224647
0.0 0
0.0 0
24.0 15.648741
0.0 0
0.0 0
27.0 13.206882
0.0 0
29.0 14.748081
0.0 0
0.0 0
32.0 17.809519
0.0 0
34.0 16.888037
0.0 0
0.0 0
37.0 17.469822
0.0 0
0.0 0
0.0 0
0.0 0
42.0 17.620037
0.0 0
0.0 0
45.0 17.105293
0.0 0
47.0 17.266584
0.0 0
49.0 16.914558
0.0 0
51.0 17.06559
0.0 0
0.0 0
0.0 0
55.0 17.969843
0.0 0
57.0 17.609503
0.0 0
59.0 17.61477
0.0 0
0.0 0
62.0 17.912043
0.0 0
0.0 0
65.0 18.640882
0.0 0
67.0 18.21393
0.0 0
0.0 0
70.0 18.748121
0.0 0
72.0 17.9462
0.0 0
0.0 0
75.0 18.26375
0.0 0
77.0 11.354581
0.0 0
79.0 8.347551
0.0 0
81.0 2.2607791
0.0 0
0.0 0
0.0 0
0.0 0
86.0 11.3256
0.0 0
88.0 14.19589
0.0 0
90.0 10.110082
0.0 0
0.0 0
93.0 9.27023
0.0 0
95.0 14.52806
0.0 0
97.0 0.4265417
0.0 0
99.0 11.063253
0.0 0
0.0 0
3.0 10.42024
0.0 0
5.0 0.77127457
0.0 0
0.0 0
0.0 0
0.0 0
0.0 0
0.0 0
0.0 0
13.0 16.16571
0.0 0
15.0 1.694656E-5
0.0 0
0.0 0
18.0 10.648269
0.0 0
0.0 0
21.0 12.8268175
0.0 0
23.0 14.2128935
0.0 0
25.0 14.60903
0.0 0
27.0 13.973635
0.0 0
29.0 14.42158
0.0 0
0.0 0
32.0 17.704287
0.0 0
34.0 16.417103
0.0 0
0.0 0
37.0 17.74639
0.0 0
0.0 0
0.0 0
41.0 17.226948
0.0 0
0.0 0
44.0 17.258657
0.0 0
46.0 17.279795
0.0 0
0.0 0
49.0 16.800453
0.0 0
51.0 17.446087
0.0 0
0.0 0
54.0 18.090624
0.0 0
56.0 17.925179
0.0 0
0.0 0
59.0 17.2613
0.0 0
0.0 0
62.0 18.384308
0.0 0
0.0 0
65.0 18.39741
0.0 0
67.0 18.431463
0.0 0
0.0 0
70.0 18.305695
0.0 0
72.0 18.447178
0.0 0
0.0 0
75.0 18.106369
0.0 0
77.0 12.662126
0.0 0
79.0 11.550895
0.0 0
81.0 6.0414176
0.0 0
0.0 0
0.0 0
0.0 0
0.0 0
0.0 0
88.0 14.903041
0.0 0
90.0 9.973515
0.0 0
0.0 0
93.0 9.865642
0.0 0
95.0 14.8892355
0.0 0
97.0 0.7209377
0.0 0
99.0 12.08001
0.0 0
0.0 0
3.0 3.4189136
0.0 0
0.0 0
6.0 7.3007646
0.0 0
0.0 0
0.0 0
0.0 0
0.0 0
0.0 0
13.0 16.526457
0.0 0
0.0 0
0.0 0
17.0 6.3276296
0.0 0
0.0 0
0.0 0
21.0 14.845021
0.0 0
0.0 0
0.0 0
25.0 14.960952
0.0 0
27.0 17.554176
0.0 0
29.0 15.53764
0.0 0
31.0 17.37749
0.0 0
33.0 16.850891
0.0 0
0.0 0
36.0 18.143108
0.0 0
38.0 16.264784
0.0 0
0.0 0
41.0 17.258657
0.0 0
0.0 0
44.0 17.488281
0.0 0
46.0 17.488281
0.0 0
0.0 0
0.0 0
0.0 0
51.0 17.712181
0.0 0
0.0 0
54.0 18.103745
0.0 0
56.0 17.982975
0.0 0
0.0 0
59.0 18.053875
0.0 0
0.0 0
0.0 0
63.0 18.46289
0.0 0
65.0 18.103745
0.0 0
67.0 16.510466
0.0 0
0.0 0
70.0 18.588549
0.0 0
72.0 18.49693
0.0 0
0.0 0
75.0 17.856848
0.0 0
77.0 14.486081
0.0 0
79.0 12.655863
0.0 0
81.0 1.0161366
0.0 0
83.0 11.480082
0.0 0
0.0 0
0.0 0
0.0 0
88.0 15.570186
0.0 0
0.0 0
91.0 10.845358
0.0 0
93.0 9.061333
0.0 0
95.0 14.845021
0.0 0
97.0 4.868518
0.0 0
99.0 11.6837225
0.0 0
0.0 0
3.0 2.518199
0.0 0
5.0 0.2251343
0.0 0
0.0 0
0.0 0
0.0 0
0.0 0
0.0 0
0.0 0
13.0 15.907865
0.0 0
0.0 0
0.0 0
0.0 0
18.0 6.409291
0.0 0
0.0 0
21.0 14.053687
0.0 0
23.0 14.156167
0.0 0
25.0 15.664979
0.0 0
27.0 17.53573
0.0 0
29.0 16.219282
0.0 0
0.0 0
32.0 17.72271
0.0 0
34.0 16.803108
0.0 0
36.0 18.274239
0.0 0
38.0 16.435787
0.0 0
0.0 0
41.0 17.390686
0.0 0
0.0 0
44.0 17.904158
0.0 0
0.0 0
47.0 17.121168
0.0 0
0.0 0
0.0 0
0.0 0
0.0 0
0.0 0
54.0 18.978113
0.0 0
56.0 17.938318
0.0 0
0.0 0
0.0 0
60.0 17.467188
0.0 0
0.0 0
63.0 18.36335
0.0 0
65.0 18.470747
0.0 0
67.0 16.213928
0.0 0
0.0 0
70.0 18.591166
0.0 0
72.0 18.719357
0.0 0
0.0 0
75.0 17.577892
0.0 0
77.0 15.029761
0.0 0
79.0 12.808289
0.0 0
81.0 11.504942
0.0 0
83.0 12.662126
0.0 0
0.0 0
86.0 12.545735
0.0 0
88.0 15.393594
0.0 0
0.0 0
91.0 12.552057
0.0 0
93.0 6.7944846
0.0 0
95.0 14.6536
0.0 0
97.0 3.84404
0.0 0
99.0 11.589572
0.0 0
0.0 0
3.0 1.8405328
0.0 0
5.0 0.80905133
0.0 0
0.0 0
0.0 0
0.0 0
0.0 0
0.0 0
0.0 0
13.0 16.331635
0.0 0
0.0 0
0.0 0
17.0 10.000186
0.0 0
0.0 0
0.0 0
21.0 12.860716
0.0 0
0.0 0
0.0 0
25.0 16.109407
0.0 0
27.0 18.271616
0.0 0
29.0 16.43045
0.0 0
0.0 0
32.0 17.885761
0.0 0
34.0 17.089415
0.0 0
36.0 18.150976
0.0 0
38.0 16.617012
0.0 0
40.0 17.780588
0.0 0
0.0 0
0.0 0
44.0 18.21393
0.0 0
46.0 17.25073
0.0 0
0.0 0
0.0 0
0.0 0
0.0 0
0.0 0
0.0 0
54.0 19.103466
0.0 0
56.0 18.030245
0.0 0
0.0 0
0.0 0
60.0 17.047054
0.0 0
0.0 0
63.0 18.20344
0.0 0
0.0 0
66.0 17.374851
0.0 0
0.0 0
0.0 0
70.0 18.470747
0.0 0
72.0 18.834396
0.0 0
0.0 0
75.0 17.049704
0.0 0
77.0 14.508479
0.0 0
0.0 0
80.0 13.536024
0.0 0
0.0 0
83.0 14.269479
0.0 0
0.0 0
86.0 14.379426
0.0 0
0.0 0
89.0 15.098431
0.0 0
91.0 14.082203
0.0 0
93.0 10.998982
0.0 0
95.0 14.692543
0.0 0
97.0 6.3573904
0.0 0
99.0 12.8514805
0.0 0
0.0 0
3.0 1.5940882
0.0 0
5.0 1.5673652
0.0 0
0.0 0
0.0 0
0.0 0
0.0 0
0.0 0
0.0 0
13.0 16.537115
0.0 0
0.0 0
0.0 0
17.0 7.273787
0.0 0
0.0 0
0.0 0
21.0 11.089546
0.0 0
0.0 0
0.0 0
25.0 16.73138
0.0 0
27.0 18.145731
0.0 0
29.0 17.269226
0.0 0
0.0 0
32.0 18.334524
0.0 0
34.0 16.91191
0.0 0
36.0 18.174587
0.0 0
38.0 16.505133
0.0 0
40.0 18.310936
0.0 0
0.0 0
0.0 0
44.0 18.06175
0.0 0
0.0 0
47.0 17.469822
0.0 0
0.0 0
0.0 0
51.0 17.780588
0.0 0
0.0 0
0.0 0
55.0 18.703663
0.0 0
57.0 16.83762
0.0 0
59.0 17.070883
0.0 0
0.0 0
0.0 0
63.0 18.695816
0.0 0
0.0 0
0.0 0
0.0 0
68.0 18.36335
0.0 0
70.0 18.352869
0.0 0
72.0 18.55976
0.0 0
0.0 0
75.0 18.200817
0.0 0
77.0 15.235369
0.0 0
79.0 13.278657
0.0 0
0.0 0
0.0 0
83.0 15.502353
0.0 0
0.0 0
86.0 15.238103
0.0 0
0.0 0
0.0 0
90.0 15.095685
0.0 0
0.0 0
93.0 6.872627
0.0 0
95.0 14.911319
0.0 0
97.0 6.57089
0.0 0
99.0 13.23683
0.0 0
0.0 0
3.0 5.3667564
0.0 0
5.0 7.902713
0.0 0
0.0 0
0.0 0
0.0 0
0.0 0
0.0 0
0.0 0
13.0 16.510466
0.0 0
0.0 0
16.0 8.485592
0.0 0
0.0 0
19.0 9.769647
0.0 0
0.0 0
0.0 0
0.0 0
0.0 0
25.0 17.337894
0.0 0
27.0 17.80426
0.0 0
29.0 17.411795
0.0 0
0.0 0
32.0 17.469822
0.0 0
34.0 16.88273
0.0 0
36.0 17.830557
0.0 0
38.0 15.902479
0.0 0
40.0 17.80163
0.0 0
0.0 0
0.0 0
44.0 17.512009
0.0 0
46.0 16.88008
0.0 0
0.0 0
49.0 16.577076
0.0 0
0.0 0
0.0 0
0.0 0
54.0 18.2218
0.0 0
56.0 17.97247
0.0 0
58.0 17.287718
0.0 0
60.0 16.374384
0.0 0
0.0 0
63.0 17.922552
0.0 0
0.0 0
0.0 0
0.0 0
68.0 17.688494
0.0 0
70.0 18.051247
0.0 0
72.0 17.975096
0.0 0
0.0 0
75.0 17.527824
0.0 0
77.0 15.597289
0.0 0
79.0 14.8505535
0.0 0
0.0 0
0.0 0
83.0 14.833959
0.0 0
0.0 0
86.0 14.814587
0.0 0
0.0 0
0.0 0
90.0 16.120134
0.0 0
0.0 0
93.0 10.445063
0.0 0
95.0 14.511276
0.0 0
97.0 7.5395365
0.0 0
99.0 14.764721
0.0 0
0.0 0
0.0 0
4.0 13.783649
0.0 0
0.0 0
7.0 14.019416
0.0 0
0.0 0
0.0 0
0.0 0
0.0 0
13.0 15.708245
0.0 0
15.0 11.648981
0.0 0
0.0 0
18.0 13.4625
0.0 0
0.0 0
0.0 0
0.0 0
0.0 0
0.0 0
25.0 15.905173
0.0 0
27.0 15.572895
0.0 0
29.0 15.945542
0.0 0
0.0 0
0.0 0
33.0 16.15767
0.0 0
0.0 0
36.0 16.1255
0.0 0
38.0 16.15231
0.0 0
0.0 0
41.0 16.31025
0.0 0
0.0 0
44.0 16.181787
0.0 0
0.0 0
47.0 16.374384
0.0 0
0.0 0
50.0 16.3156
0.0 0
52.0 16.12818
0.0 0
54.0 16.00201
0.0 0
56.0 15.883628
0.0 0
58.0 16.320942
0.0 0
60.0 16.028877
0.0 0
0.0 0
63.0 16.213928
0.0 0
0.0 0
66.0 16.189823
0.0 0
0.0 0
69.0 16.189823
0.0 0
0.0 0
0.0 0
73.0 16.256756
0.0 0
75.0 16.16303
0.0 0
77.0 16.197859
0.0 0
79.0 15.7487755
0.0 0
0.0 0
82.0 14.878186
0.0 0
84.0 14.500081
0.0 0
0.0 0
87.0 14.886475
0.0 0
0.0 0
0.0 0
91.0 15.93478
0.0 0
0.0 0
0.0 0
95.0 15.53764
0.0 0
0.0 0
98.0 14.382238
0.0 0
1.0 6.405571E-7
0.0 0
0.0 0
4.0 4.5203147
0.0 0
0.0 0
7.0 6.71571
0.0 0
0.0 0
0.0 0
0.0 0
0.0 0
13.0 15.856688
0.0 0
0.0 0
0.0 0
0.0 0
18.0 5.8807607
0.0 0
0.0 0
21.0 11.350965
0.0 0
0.0 0
24.0 16.379726
0.0 0
0.0 0
27.0 15.886322
0.0 0
29.0 17.21373
0.0 0
0.0 0
32.0 17.585794
0.0 0
34.0 18.072248
0.0 0
36.0 17.641104
0.0 0
38.0 18.455032
0.0 0
0.0 0
41.0 17.851591
0.0 0
0.0 0
44.0 18.5362
0.0 0
46.0 17.74639
0.0 0
48.0 17.61477
0.0 0
0.0 0
0.0 0
52.0 18.2454
0.0 0
54.0 17.512009
0.0 0
56.0 16.739353
0.0 0
58.0 17.53573
0.0 0
60.0 16.898647
0.0 0
62.0 18.473366
0.0 0
64.0 15.428972
0.0 0
0.0 0
67.0 17.501463
0.0 0
0.0 0
70.0 17.97247
0.0 0
72.0 18.232286
0.0 0
74.0 17.967215
0.0 0
0.0 0
77.0 18.85008
0.0 0
79.0 15.109405
0.0 0
0.0 0
82.0 14.13912
0.0 0
0.0 0
85.0 13.019741
0.0 0
87.0 13.068281
0.0 0
89.0 15.177918
0.0 0
91.0 16.781862
0.0 0
93.0 12.86687
0.0 0
95.0 14.452449
0.0 0
97.0 11.412209
0.0 0
99.0 4.7338047
0.0 0
2.0 2.9023115E-9
0.0 0
4.0 2.5995014
0.0 0
0.0 0
7.0 10.575853
0.0 0
0.0 0
0.0 0
0.0 0
0.0 0
13.0 16.020819
0.0 0
0.0 0
0.0 0
0.0 0
18.0 5.2800837
0.0 0
0.0 0
21.0 13.080388
0.0 0
0.0 0
24.0 16.387737
0.0 0
0.0 0
27.0 16.331635
0.0 0
29.0 17.556812
0.0 0
0.0 0
32.0 17.756914
0.0 0
34.0 18.271618
0.0 0
0.0 0
0.0 0
38.0 18.21393
0.0 0
40.0 17.835814
0.0 0
0.0 0
0.0 0
44.0 18.693201
0.0 0
46.0 18.227041
0.0 0
48.0 18.520494
0.0 0
0.0 0
51.0 18.483837
0.0 0
0.0 0
54.0 17.956707
0.0 0
56.0 16.943727
0.0 0
58.0 17.638472
0.0 0
60.0 18.129986
0.0 0
0.0 0
63.0 18.499548
0.0 0
65.0 18.038122
0.0 0
0.0 0
68.0 17.74639
0.0 0
70.0 18.381691
0.0 0
72.0 19.168728
0.0 0
74.0 18.21393
0.0 0
76.0 16.369041
0.0 0
78.0 15.131344
0.0 0
80.0 15.251766
0.0 0
82.0 16.034248
0.0 0
84.0 13.373818
0.0 0
86.0 15.393595
0.0 0
0.0 0
89.0 15.572895
0.0 0
91.0 16.99143
0.0 0
93.0 13.083414
0.0 0
0.0 0
96.0 15.7649765
0.0 0
98.0 10.188009
0.0 0
1.0 1.3618605E-8
0.0 0
0.0 0
4.0 1.8107285
0.0 0
6.0 11.108271
0.0 0
0.0 0
0.0 0
0.0 0
0.0 0
0.0 0
13.0 16.061104
0.0 0
0.0 0
16.0 0.22681797
0.0 0
0.0 0
0.0 0
0.0 0
0.0 0
0.0 0
0.0 0
24.0 15.797364
0.0 0
0.0 0
27.0 16.31827
0.0 0
29.0 17.369572
0.0 0
0.0 0
32.0 17.788479
0.0 0
34.0 17.727972
0.0 0
36.0 17.382769
0.0 0
38.0 17.78322
0.0 0
40.0 17.641104
0.0 0
0.0 0
0.0 0
44.0 17.869991
0.0 0
0.0 0
0.0 0
48.0 19.053856
0.0 0
0.0 0
51.0 18.413126
0.0 0
53.0 17.649006
0.0 0
55.0 17.15556
0.0 0
0.0 0
58.0 18.046
0.0 0
60.0 17.649006
0.0 0
0.0 0
63.0 18.507404
0.0 0
65.0 17.922552
0.0 0
0.0 0
68.0 18.067
0.0 0
70.0 18.373829
0.0 0
72.0 18.591166
0.0 0
74.0 17.988228
0.0 0
0.0 0
77.0 18.00661
0.0 0
0.0 0
0.0 0
81.0 15.268159
0.0 0
0.0 0
84.0 15.41537
0.0 0
86.0 13.068281
0.0 0
0.0 0
89.0 16.203217
0.0 0
91.0 17.572622
0.0 0
93.0 13.022778
0.0 0
0.0 0
96.0 15.0682335
0.0 0
98.0 10.188009
0.0 0
1.0 4.876089E-9
0.0 0
0.0 0
4.0 3.5289469
0.0 0
6.0 8.33591
0.0 0
0.0 0
0.0 0
0.0 0
0.0 0
0.0 0
13.0 16.213928
0.0 0
0.0 0
16.0 0.49423146
0.0 0
18.0 6.658025
0.0 0
0.0 0
21.0 11.2453165
0.0 0
0.0 0
0.0 0
25.0 16.069157
0.0 0
27.0 16.414436
0.0 0
29.0 17.364292
0.0 0
0.0 0
32.0 17.63584
0.0 0
34.0 17.49092
0.0 0
36.0 18.423603
0.0 0
38.0 17.662169
0.0 0
40.0 17.588428
0.0 0
0.0 0
0.0 0
44.0 18.22442
0.0 0
0.0 0
0.0 0
48.0 18.813486
0.0 0
0.0 0
51.0 17.09206
0.0 0
0.0 0
54.0 16.861506
0.0 0
56.0 16.850891
0.0 0
58.0 17.245445
0.0 0
60.0 17.643738
0.0 0
0.0 0
63.0 18.599016
0.0 0
65.0 17.751652
0.0 0
0.0 0
68.0 18.06175
0.0 0
0.0 0
0.0 0
72.0 18.271618
0.0 0
0.0 0
75.0 18.009237
0.0 0
77.0 18.219177
0.0 0
0.0 0
0.0 0
0.0 0
82.0 16.587727
0.0 0
0.0 0
85.0 16.058418
0.0 0
0.0 0
0.0 0
89.0 14.611818
0.0 0
91.0 17.51728
0.0 0
0.0 0
0.0 0
0.0 0
96.0 14.960953
0.0 0
0.0 0
99.0 12.421696
0.0 0
0.0 0
0.0 0
4.0 4.781339
0.0 0
6.0 2.4324179
0.0 0
0.0 0
0.0 0
0.0 0
0.0 0
0.0 0
13.0 16.219282
0.0 0
0.0 0
16.0 10.461558
0.0 0
18.0 7.3074923
0.0 0
0.0 0
0.0 0
0.0 0
0.0 0
0.0 0
25.0 13.227854
0.0 0
27.0 16.133543
0.0 0
29.0 17.31941
0.0 0
0.0 0
32.0 17.780588
0.0 0
34.0 17.351093
0.0 0
36.0 18.24802
0.0 0
38.0 18.00661
0.0 0
40.0 17.806889
0.0 0
0.0 0
0.0 0
44.0 17.891016
0.0 0
0.0 0
0.0 0
48.0 19.30703
0.0 0
0.0 0
0.0 0
52.0 17.012625
0.0 0
54.0 17.115875
0.0 0
56.0 16.954329
0.0 0
58.0 17.261301
0.0 0
60.0 17.627937
0.0 0
0.0 0
63.0 18.622566
0.0 0
65.0 17.930435
0.0 0
0.0 0
68.0 17.848959
0.0 0
0.0 0
0.0 0
72.0 18.93109
0.0 0
0.0 0
75.0 18.030245
0.0 0
77.0 18.324041
0.0 0
79.0 11.267299
0.0 0
0.0 0
82.0 17.142332
0.0 0
0.0 0
85.0 17.569988
0.0 0
0.0 0
0.0 0
89.0 14.723102
0.0 0
91.0 16.691504
0.0 0
93.0 12.811375
0.0 0
95.0 14.993998
0.0 0
0.0 0
98.0 14.446839
0.0 0
0.0 0
2.0 6.853773E-11
0.0 0
4.0 4.947793
0.0 0
6.0 7.6818647
0.0 0
0.0 0
0.0 0
0.0 0
0.0 0
0.0 0
13.0 16.235346
0.0 0
0.0 0
16.0 8.43991
0.0 0
0.0 0
0.0 0
0.0 0
21.0 12.637062
0.0 0
0.0 0
0.0 0
25.0 15.743373
0.0 0
0.0 0
0.0 0
29.0 17.311487
0.0 0
0.0 0
32.0 17.422346
0.0 0
34.0 17.070883
0.0 0
36.0 18.3188
0.0 0
38.0 18.12474
0.0 0
40.0 17.848959
0.0 0
42.0 17.477736
0.0 0
44.0 17.641104
0.0 0
0.0 0
0.0 0
48.0 19.380064
0.0 0
50.0 16.662247
0.0 0
52.0 16.99143
0.0 0
54.0 17.113232
0.0 0
56.0 16.954329
0.0 0
58.0 17.32205
0.0 0
60.0 17.469822
0.0 0
0.0 0
63.0 19.053856
0.0 0
65.0 18.413126
0.0 0
67.0 17.266584
0.0 0
0.0 0
0.0 0
0.0 0
72.0 19.147846
0.0 0
0.0 0
75.0 18.216553
0.0 0
77.0 16.88008
0.0 0
0.0 0
80.0 11.892583
0.0 0
82.0 16.845583
0.0 0
0.0 0
85.0 17.541
0.0 0
0.0 0
88.0 14.634109
0.0 0
0.0 0
91.0 16.411766
0.0 0
93.0 11.593079
0.0 0
95.0 14.919597
0.0 0
97.0 15.240836
0.0 0
99.0 14.905801
0.0 0
2.0 2.207591E-12
0.0 0
4.0 2.0215712
0.0 0
6.0 5.896134
0.0 0
0.0 0
0.0 0
0.0 0
0.0 0
0.0 0
13.0 16.598377
0.0 0
0.0 0
16.0 2.6375537
0.0 0
0.0 0
0.0 0
0.0 0
21.0 13.158828
0.0 0
0.0 0
24.0 16.130861
0.0 0
0.0 0
0.0 0
0.0 0
29.0 17.279795
0.0 0
0.0 0
32.0 17.664803
0.0 0
34.0 17.4329
0.0 0
36.0 18.373829
0.0 0
38.0 18.156225
0.0 0
40.0 17.95408
0.0 0
42.0 17.195225
0.0 0
44.0 18.059124
0.0 0
0.0 0
0.0 0
48.0 19.523472
0.0 0
50.0 17.028519
0.0 0
52.0 16.80842
0.0 0
54.0 17.166138
0.0 0
56.0 16.866814
0.0 0
58.0 17.314129
0.0 0
60.0 17.638472
0.0 0
0.0 0
0.0 0
64.0 18.68274
0.0 0
66.0 16.983482
0.0 0
0.0 0
0.0 0
0.0 0
71.0 18.26113
0.0 0
73.0 19.077358
0.0 0
75.0 18.695816
0.0 0
77.0 15.352735
0.0 0
0.0 0
80.0 14.432809
0.0 0
82.0 15.450727
0.0 0
0.0 0
85.0 17.211086
0.0 0
0.0 0
0.0 0
89.0 15.867466
0.0 0
91.0 16.457132
0.0 0
0.0 0
0.0 0
95.0 14.878186
0.0 0
97.0 14.711992
0.0 0
99.0 14.639681
0.0 0
2.0 6.0208557E-12
0.0 0
4.0 0.67126
0.0 0
6.0 6.320182
0.0 0
0.0 0
0.0 0
0.0 0
0.0 0
0.0 0
13.0 16.507801
0.0 0
0.0 0
16.0 0.063066624
0.0 0
18.0 4.5913806
0.0 0
0.0 0
21.0 12.774239
0.0 0
0.0 0
24.0 15.667683
0.0 0
26.0 12.940476
0.0 0
0.0 0
29.0 16.744667
0.0 0
0.0 0
32.0 17.353733
0.0 0
34.0 16.99673
0.0 0
36.0 18.491693
0.0 0
38.0 18.22442
0.0 0
40.0 17.84633
0.0 0
42.0 17.293001
0.0 0
44.0 17.998734
0.0 0
0.0 0
0.0 0
48.0 19.713705
0.0 0
50.0 16.834967
0.0 0
0.0 0
0.0 0
54.0 17.51728
0.0 0
0.0 0
0.0 0
58.0 17.380129
0.0 0
60.0 17.459274
0.0 0
62.0 16.91456
0.0 0
64.0 18.66181
0.0 0
66.0 16.688843
0.0 0
0.0 0
0.0 0
0.0 0
71.0 18.324041
0.0 0
0.0 0
74.0 17.864735
0.0 0
0.0 0
77.0 15.843212
0.0 0
79.0 15.532212
0.0 0
0.0 0
82.0 15.513212
0.0 0
0.0 0
85.0 16.7048
0.0 0
0.0 0
88.0 14.709213
0.0 0
0.0 0
91.0 16.117455
0.0 0
0.0 0
0.0 0
95.0 14.789665
0.0 0
97.0 15.743373
0.0 0
99.0 14.525263
0.0 0
2.0 1.7256151E-11
0.0 0
4.0 0.5078119
0.0 0
6.0 8.05023
0.0 0
0.0 0
0.0 0
0.0 0
0.0 0
0.0 0
13.0 16.304903
0.0 0
0.0 0
16.0 0.5270165
0.0 0
18.0 2.1640053
0.0 0
0.0 0
21.0 14.331562
0.0 0
0.0 0
24.0 17.078825
0.0 0
26.0 13.809669
0.0 0
0.0 0
29.0 17.192581
0.0 0
0.0 0
32.0 17.585796
0.0 0
34.0 16.664907
0.0 0
36.0 18.544054
0.0 0
38.0 18.156225
0.0 0
40.0 17.996107
0.0 0
42.0 17.08147
0.0 0
44.0 17.81478
0.0 0
0.0 0
0.0 0
48.0 19.791853
0.0 0
50.0 16.917213
0.0 0
0.0 0
0.0 0
54.0 17.303566
0.0 0
0.0 0
0.0 0
58.0 17.480371
0.0 0
60.0 17.585796
0.0 0
62.0 16.659588
0.0 0
64.0 18.776884
0.0 0
66.0 17.670067
0.0 0
0.0 0
69.0 16.283508
0.0 0
71.0 18.392168
0.0 0
0.0 0
74.0 16.288858
0.0 0
0.0 0
77.0 12.023522
0.0 0
0.0 0
80.0 15.314562
0.0 0
82.0 17.089413
0.0 0
0.0 0
85.0 16.19518
0.0 0
87.0 14.19022
0.0 0
89.0 15.880934
0.0 0
91.0 15.488772
0.0 0
93.0 12.814467
0.0 0
95.0 14.980232
0.0 0
97.0 14.536447
0.0 0
99.0 14.027989
0.0 0
0.0 0
0.0 0
4.0 0.63910806
0.0 0
6.0 8.609557
0.0 0
0.0 0
0.0 0
0.0 0
0.0 0
0.0 0
13.0 16.15767
0.0 0
0.0 0
0.0 0
17.0 0.49088657
0.0 0
0.0 0
20.0 12.564692
0.0 0
0.0 0
0.0 0
0.0 0
25.0 16.537115
0.0 0
0.0 0
0.0 0
29.0 17.509373
0.0 0
0.0 0
32.0 18.003986
0.0 0
34.0 16.80842
0.0 0
36.0 18.32142
0.0 0
38.0 18.195572
0.0 0
40.0 17.93569
0.0 0
42.0 16.967583
0.0 0
44.0 17.649006
0.0 0
0.0 0
0.0 0
48.0 19.643362
0.0 0
50.0 17.06559
0.0 0
0.0 0
53.0 17.41707
0.0 0
55.0 16.387737
0.0 0
0.0 0
58.0 17.58316
0.0 0
60.0 17.369572
0.0 0
0.0 0
0.0 0
64.0 18.52573
0.0 0
66.0 17.21373
0.0 0
0.0 0
69.0 17.843702
0.0 0
71.0 17.956707
0.0 0
73.0 15.265427
0.0 0
75.0 12.952701
0.0 0
77.0 10.579896
0.0 0
79.0 14.667514
0.0 0
0.0 0
82.0 17.345814
0.0 0
0.0 0
85.0 16.411766
0.0 0
87.0 15.832426
0.0 0
89.0 12.928239
0.0 0
91.0 15.656861
0.0 0
93.0 13.010618
0.0 0
95.0 14.575554
0.0 0
0.0 0
98.0 13.867357
0.0 0
1.0 1.904792E-11
0.0 0
0.0 0
4.0 1.0318165
0.0 0
6.0 6.992117
0.0 0
0.0 0
0.0 0
0.0 0
0.0 0
0.0 0
13.0 15.8539915
0.0 0
0.0 0
16.0 1.0768006
0.0 0
0.0 0
0.0 0
20.0 13.480175
0.0 0
0.0 0
0.0 0
0.0 0
25.0 16.48647
0.0 0
0.0 0
28.0 17.226948
0.0 0
0.0 0
0.0 0
32.0 18.024994
0.0 0
34.0 17.200512
0.0 0
36.0 18.268995
0.0 0
38.0 18.253265
0.0 0
40.0 17.775328
0.0 0
0.0 0
0.0 0
44.0 17.646372
0.0 0
0.0 0
0.0 0
48.0 19.567783
0.0 0
50.0 17.097353
0.0 0
0.0 0
0.0 0
54.0 17.300924
0.0 0
0.0 0
0.0 0
58.0 17.46455
0.0 0
60.0 17.427622
0.0 0
0.0 0
0.0 0
64.0 18.12474
0.0 0
66.0 17.298283
0.0 0
0.0 0
69.0 17.838444
0.0 0
71.0 17.548906
0.0 0
73.0 16.803108
0.0 0
0.0 0
76.0 10.370299
0.0 0
0.0 0
79.0 14.936145
0.0 0
0.0 0
82.0 16.603703
0.0 0
0.0 0
85.0 16.51313
0.0 0
87.0 15.081963
0.0 0
89.0 12.526745
0.0 0
91.0 15.320017
0.0 0
93.0 12.674636
0.0 0
95.0 14.558801
0.0 0
0.0 0
98.0 14.761948
0.0 0
1.0 1.2102995E-11
0.0 0
0.0 0
4.0 1.4597343
0.0 0
6.0 3.8212242
0.0 0
0.0 0
0.0 0
0.0 0
0.0 0
0.0 0
13.0 15.686619
0.0 0
0.0 0
16.0 3.5289469
0.0 0
0.0 0
0.0 0
0.0 0
21.0 7.8403087
0.0 0
0.0 0
0.0 0
25.0 15.20255
0.0 0
0.0 0
28.0 15.262695
0.0 0
0.0 0
0.0 0
32.0 17.951454
0.0 0
34.0 16.988781
0.0 0
36.0 18.216553
0.0 0
38.0 18.316177
0.0 0
40.0 17.843702
0.0 0
0.0 0
0.0 0
44.0 17.867361
0.0 0
0.0 0
0.0 0
48.0 18.915413
0.0 0
50.0 17.147623
0.0 0
0.0 0
0.0 0
54.0 16.901299
0.0 0
0.0 0
0.0 0
58.0 17.44345
0.0 0
60.0 17.319412
0.0 0
0.0 0
0.0 0
64.0 17.998734
0.0 0
66.0 16.542446
0.0 0
0.0 0
69.0 17.53573
0.0 0
71.0 18.024994
0.0 0
0.0 0
74.0 15.41537
0.0 0
76.0 11.7321205
0.0 0
0.0 0
79.0 15.2299
0.0 0
0.0 0
82.0 15.079216
0.0 0
0.0 0
85.0 16.120136
0.0 0
87.0 14.980233
0.0 0
89.0 11.572014
0.0 0
91.0 13.245804
0.0 0
0.0 0
0.0 0
95.0 14.480479
0.0 0
0.0 0
98.0 12.958812
0.0 0
0.0 0
2.0 4.4085308E-8
0.0 0
0.0 0
5.0 2.324916
0.0 0
0.0 0
0.0 0
0.0 0
0.0 0
0.0 0
0.0 0
13.0 16.026192
0.0 0
0.0 0
16.0 0.77374583
0.0 0
0.0 0
0.0 0
20.0 3.0564592
0.0 0
0.0 0
23.0 15.640621
0.0 0
0.0 0
26.0 15.309106
0.0 0
0.0 0
29.0 16.32629
0.0 0
0.0 0
32.0 18.232286
0.0 0
34.0 16.646286
0.0 0
36.0 18.082748
0.0 0
38.0 18.119492
0.0 0
40.0 18.179834
0.0 0
0.0 0
0.0 0
44.0 17.788479
0.0 0
0.0 0
47.0 17.5041
0.0 0
49.0 17.121168
0.0 0
51.0 15.789269
0.0 0
0.0 0
54.0 17.047054
0.0 0
56.0 16.938425
0.0 0
58.0 17.311487
0.0 0
60.0 17.242802
0.0 0
62.0 17.054998
0.0 0
64.0 17.88839
0.0 0
0.0 0
67.0 16.787174
0.0 0
69.0 17.830557
0.0 0
71.0 18.886667
0.0 0
73.0 16.651606
0.0 0
0.0 0
76.0 13.757592
0.0 0
0.0 0
79.0 16.935772
0.0 0
0.0 0
82.0 15.199813
0.0 0
0.0 0
85.0 17.548908
0.0 0
87.0 12.995401
0.0 0
89.0 14.016558
0.0 0
91.0 13.7489
0.0 0
93.0 12.33495
0.0 0
95.0 14.797975
0.0 0
0.0 0
98.0 9.732672
0.0 0
0.0 0
0.0 0
0.0 0
0.0 0
5.0 12.036843
0.0 0
7.0 0.16622502
0.0 0
0.0 0
0.0 0
0.0 0
0.0 0
13.0 16.401089
0.0 0
0.0 0
16.0 0.24248062
0.0 0
18.0 0.43697307
0.0 0
0.0 0
0.0 0
0.0 0
0.0 0
0.0 0
25.0 17.107939
0.0 0
0.0 0
0.0 0
29.0 17.187292
0.0 0
0.0 0
32.0 18.014492
0.0 0
34.0 16.531788
0.0 0
36.0 17.977722
0.0 0
38.0 17.701653
0.0 0
40.0 18.389551
0.0 0
42.0 17.094706
0.0 0
44.0 17.799
0.0 0
46.0 17.44345
0.0 0
0.0 0
0.0 0
50.0 17.02057
0.0 0
0.0 0
0.0 0
54.0 17.073532
0.0 0
56.0 16.91191
0.0 0
58.0 17.477736
0.0 0
60.0 17.564716
0.0 0
62.0 17.306208
0.0 0
64.0 16.491802
0.0 0
0.0 0
67.0 17.538366
0.0 0
69.0 16.398417
0.0 0
71.0 18.578081
0.0 0
73.0 17.490917
0.0 0
75.0 17.483007
0.0 0
77.0 16.734037
0.0 0
79.0 17.43554
0.0 0
0.0 0
82.0 17.02587
0.0 0
0.0 0
85.0 17.81215
0.0 0
87.0 17.097353
0.0 0
0.0 0
90.0 16.419775
0.0 0
0.0 0
0.0 0
0.0 0
0.0 0
96.0 16.32629
0.0 0
98.0 13.308459
0.0 0
0.0 0
2.0 9.520334
0.0 0
0.0 0
5.0 13.131725
0.0 0
7.0 9.076865
0.0 0
0.0 0
0.0 0
0.0 0
0.0 0
13.0 16.587727
0.0 0
0.0 0
16.0 8.050227
0.0 0
0.0 0
0.0 0
0.0 0
21.0 12.0700655
0.0 0
0.0 0
24.0 17.15556
0.0 0
26.0 16.765924
0.0 0
28.0 17.269226
0.0 0
0.0 0
0.0 0
32.0 17.72271
0.0 0
34.0 16.286184
0.0 0
36.0 17.727972
0.0 0
38.0 17.382767
0.0 0
40.0 18.140482
0.0 0
42.0 17.009975
0.0 0
44.0 17.820038
0.0 0
46.0 17.245445
0.0 0
0.0 0
49.0 17.208445
0.0 0
51.0 10.281938
0.0 0
0.0 0
54.0 16.710115
0.0 0
0.0 0
0.0 0
58.0 17.37749
0.0 0
60.0 16.906605
0.0 0
62.0 17.195225
0.0 0
0.0 0
65.0 17.551544
0.0 0
67.0 17.588428
0.0 0
69.0 17.343174
0.0 0
71.0 18.475985
0.0 0
0.0 0
74.0 17.472462
0.0 0
0.0 0
77.0 18.255886
0.0 0
79.0 17.483007
0.0 0
81.0 16.99673
0.0 0
0.0 0
0.0 0
85.0 17.688494
0.0 0
87.0 17.612137
0.0 0
89.0 16.99143
0.0 0
91.0 17.147623
0.0 0
0.0 0
94.0 15.3527355
0.0 0
96.0 17.189938
0.0 0
98.0 16.26746
0.0 0
0.0 0
2.0 12.983217
0.0 0
0.0 0
5.0 14.13912
0.0 0
7.0 10.053184
0.0 0
0.0 0
0.0 0
0.0 0
0.0 0
13.0 16.89865
0.0 0
0.0 0
16.0 13.065251
0.0 0
0.0 0
0.0 0
0.0 0
21.0 14.775809
0.0 0
0.0 0
24.0 17.29036
0.0 0
26.0 16.909256
0.0 0
28.0 17.593697
0.0 0
0.0 0
0.0 0
32.0 17.467188
0.0 0
34.0 16.475803
0.0 0
0.0 0
37.0 17.662169
0.0 0
0.0 0
40.0 17.97247
0.0 0
42.0 16.856197
0.0 0
44.0 17.867363
0.0 0
46.0 17.282434
0.0 0
0.0 0
49.0 17.033815
0.0 0
51.0 12.070068
0.0 0
0.0 0
54.0 16.646286
0.0 0
0.0 0
0.0 0
58.0 17.306208
0.0 0
0.0 0
0.0 0
62.0 16.70214
0.0 0
0.0 0
65.0 17.641104
0.0 0
67.0 18.069624
0.0 0
69.0 17.216375
0.0 0
71.0 18.810871
0.0 0
0.0 0
74.0 17.29036
0.0 0
0.0 0
77.0 17.295643
0.0 0
79.0 17.382769
0.0 0
81.0 17.134398
0.0 0
0.0 0
84.0 17.630571
0.0 0
0.0 0
87.0 17.353733
0.0 0
89.0 17.287718
0.0 0
91.0 17.203157
0.0 0
0.0 0
94.0 14.903041
0.0 0
0.0 0
97.0 17.200512
0.0 0
99.0 15.953612
0.0 0
2.0 14.786895
0.0 0
0.0 0
5.0 14.303363
0.0 0
7.0 12.888383
0.0 0
0.0 0
0.0 0
0.0 0
0.0 0
13.0 16.715433
0.0 0
0.0 0
16.0 12.338178
0.0 0
0.0 0
0.0 0
0.0 0
21.0 16.419775
0.0 0
0.0 0
24.0 17.46455
0.0 0
26.0 16.95168
0.0 0
28.0 17.454
0.0 0
0.0 0
0.0 0
32.0 17.322052
0.0 0
34.0 16.382397
0.0 0
0.0 0
37.0 17.86999
0.0 0
0.0 0
40.0 17.859476
0.0 0
42.0 17.06559
0.0 0
44.0 18.114243
0.0 0
46.0 17.564718
0.0 0
0.0 0
49.0 17.493555
0.0 0
51.0 12.6996155
0.0 0
0.0 0
54.0 16.935772
0.0 0
0.0 0
0.0 0
58.0 17.398602
0.0 0
0.0 0
61.0 16.414436
0.0 0
0.0 0
0.0 0
65.0 17.977722
0.0 0
67.0 17.867361
0.0 0
0.0 0
0.0 0
71.0 18.868376
0.0 0
0.0 0
74.0 17.316769
0.0 0
0.0 0
77.0 17.6016
0.0 0
79.0 17.559448
0.0 0
81.0 16.964931
0.0 0
0.0 0
0.0 0
85.0 17.809519
0.0 0
87.0 17.189938
0.0 0
89.0 17.830557
0.0 0
91.0 16.954329
0.0 0
0.0 0
94.0 14.828425
0.0 0
0.0 0
97.0 17.219017
0.0 0
99.0 15.7487755
0.0 0
0.0 0
3.0 16.093311
0.0 0
5.0 15.2326355
0.0 0
7.0 15.897094
0.0 0
0.0 0
0.0 0
0.0 0
0.0 0
13.0 16.53445
0.0 0
15.0 14.229882
0.0 0
17.0 11.875653
0.0 0
0.0 0
0.0 0
21.0 17.192581
0.0 0
0.0 0
0.0 0
25.0 17.483007
0.0 0
0.0 0
28.0 17.308847
0.0 0
0.0 0
0.0 0
32.0 17.02322
0.0 0
34.0 16.047678
0.0 0
0.0 0
37.0 17.720078
0.0 0
0.0 0
40.0 17.820038
0.0 0
42.0 17.07618
0.0 0
44.0 18.064373
0.0 0
46.0 17.456638
0.0 0
0.0 0
0.0 0
50.0 17.525188
0.0 0
52.0 1.4935241
0.0 0
54.0 17.094706
0.0 0
0.0 0
0.0 0
58.0 17.176718
0.0 0
0.0 0
61.0 16.507801
0.0 0
0.0 0
64.0 18.240154
0.0 0
0.0 0
67.0 17.893646
0.0 0
69.0 17.08412
0.0 0
71.0 19.022518
0.0 0
0.0 0
74.0 17.182005
0.0 0
0.0 0
77.0 17.366934
0.0 0
79.0 17.60687
0.0 0
81.0 17.142334
0.0 0
0.0 0
84.0 18.18508
0.0 0
0.0 0
87.0 17.78322
0.0 0
89.0 17.89102
0.0 0
91.0 16.927818
0.0 0
93.0 15.038007
0.0 0
0.0 0
96.0 17.02057
0.0 0
0.0 0
99.0 15.894402
0.0 0
0.0 0
3.0 16.16839
0.0 0
0.0 0
6.0 16.098679
0.0 0
8.0 12.758734
0.0 0
0.0 0
0.0 0
0.0 0
0.0 0
14.0 16.481138
0.0 0
0.0 0
17.0 15.109405
0.0 0
0.0 0
0.0 0
21.0 17.242802
0.0 0
0.0 0
0.0 0
25.0 17.432898
0.0 0
0.0 0
28.0 17.712181
0.0 0
0.0 0
0.0 0
32.0 17.171427
0.0 0
34.0 16.406427
0.0 0
36.0 17.364292
0.0 0
38.0 17.598967
0.0 0
40.0 17.767437
0.0 0
42.0 17.224304
0.0 0
44.0 17.717445
0.0 0
46.0 17.699024
0.0 0
48.0 17.22959
0.0 0
50.0 17.772697
0.0 0
0.0 0
0.0 0
54.0 17.197868
0.0 0
0.0 0
0.0 0
58.0 17.577892
0.0 0
0.0 0
61.0 17.068237
0.0 0
0.0 0
64.0 18.009237
0.0 0
0.0 0
67.0 17.856848
0.0 0
69.0 17.598967
0.0 0
71.0 18.991175
0.0 0
0.0 0
74.0 17.345814
0.0 0
0.0 0
77.0 17.609503
0.0 0
79.0 17.564718
0.0 0
0.0 0
82.0 17.401241
0.0 0
84.0 17.651638
0.0 0
0.0 0
87.0 17.554176
0.0 0
89.0 17.733232
0.0 0
91.0 16.672888
0.0 0
93.0 15.336379
0.0 0
0.0 0
96.0 16.906605
0.0 0
0.0 0
99.0 16.044994
0.0 0
0.0 0
3.0 15.548491
0.0 0
0.0 0
6.0 16.779207
0.0 0
8.0 13.919129
0.0 0
0.0 0
0.0 0
0.0 0
0.0 0
14.0 16.619673
0.0 0
0.0 0
17.0 15.238103
0.0 0
0.0 0
20.0 16.106724
0.0 0
0.0 0
0.0 0
0.0 0
25.0 17.643738
0.0 0
0.0 0
28.0 17.762177
0.0 0
0.0 0
0.0 0
32.0 16.728722
0.0 0
34.0 16.256756
0.0 0
36.0 17.393322
0.0 0
38.0 17.854218
0.0 0
40.0 17.820038
0.0 0
42.0 17.110584
0.0 0
44.0 17.69639
0.0 0
46.0 17.620037
0.0 0
48.0 17.248087
0.0 0
50.0 17.182005
0.0 0
0.0 0
0.0 0
54.0 16.824348
0.0 0
0.0 0
0.0 0
58.0 17.764803
0.0 0
0.0 0
61.0 17.630571
0.0 0
0.0 0
64.0 18.140482
0.0 0
0.0 0
67.0 17.712181
0.0 0
69.0 17.706919
0.0 0
71.0 19.12174
0.0 0
73.0 17.15027
0.0 0
75.0 16.299553
0.0 0
77.0 17.588428
0.0 0
79.0 17.730602
0.0 0
0.0 0
82.0 17.730602
0.0 0
84.0 17.830557
0.0 0
0.0 0
87.0 18.106369
0.0 0
89.0 16.850891
0.0 0
0.0 0
92.0 16.919865
0.0 0
0.0 0
0.0 0
96.0 16.99673
0.0 0
0.0 0
0.0 0
1.0 16.805763
0.0 0
3.0 17.060293
0.0 0
0.0 0
6.0 17.554176
0.0 0
8.0 14.0850525
0.0 0
0.0 0
0.0 0
0.0 0
0.0 0
0.0 0
15.0 16.60104
0.0 0
17.0 15.975128
0.0 0
0.0 0
20.0 15.131344
0.0 0
0.0 0
0.0 0
0.0 0
25.0 17.567352
0.0 0
0.0 0
28.0 17.791111
0.0 0
0.0 0
0.0 0
32.0 16.890688
0.0 0
34.0 16.216606
0.0 0
36.0 17.364292
0.0 0
38.0 17.885761
0.0 0
40.0 17.909414
0.0 0
42.0 17.182005
0.0 0
44.0 17.519917
0.0 0
46.0 17.374851
0.0 0
48.0 16.975534
0.0 0
50.0 16.81904
0.0 0
0.0 0
0.0 0
54.0 16.93047
0.0 0
0.0 0
0.0 0
58.0 17.659536
0.0 0
0.0 0
61.0 17.46455
0.0 0
0.0 0
64.0 17.951454
0.0 0
0.0 0
67.0 17.912043
0.0 0
69.0 17.701654
0.0 0
71.0 19.260069
0.0 0
0.0 0
74.0 17.282434
0.0 0
0.0 0
0.0 0
0.0 0
79.0 17.356373
0.0 0
0.0 0
82.0 17.369572
0.0 0
84.0 18.017115
0.0 0
0.0 0
87.0 17.403877
0.0 0
89.0 16.256756
0.0 0
0.0 0
92.0 17.044407
0.0 0
94.0 15.309106
0.0 0
96.0 16.739353
0.0 0
98.0 15.521357
0.0 0
1.0 17.87262
0.0 0
3.0 18.52573
0.0 0
0.0 0
6.0 17.234875
0.0 0
8.0 15.537641
0.0 0
0.0 0
0.0 0
0.0 0
0.0 0
0.0 0
15.0 17.102646
0.0 0
17.0 17.693758
0.0 0
0.0 0
0.0 0
21.0 15.103918
0.0 0
0.0 0
0.0 0
25.0 16.980833
0.0 0
0.0 0
0.0 0
29.0 18.420982
0.0 0
31.0 17.427622
0.0 0
33.0 16.710115
0.0 0
0.0 0
36.0 17.300924
0.0 0
38.0 17.764805
0.0 0
40.0 18.116865
0.0 0
42.0 17.234875
0.0 0
44.0 17.319412
0.0 0
46.0 17.456638
0.0 0
0.0 0
49.0 16.361029
0.0 0
51.0 16.16571
0.0 0
53.0 17.298283
0.0 0
55.0 16.598377
0.0 0
0.0 0
58.0 17.9462
0.0 0
60.0 17.208445
0.0 0
0.0 0
63.0 17.951454
0.0 0
65.0 17.548908
0.0 0
67.0 17.817408
0.0 0
69.0 17.364292
0.0 0
71.0 19.12174
0.0 0
0.0 0
74.0 17.459274
0.0 0
0.0 0
77.0 17.519917
0.0 0
0.0 0
80.0 17.596333
0.0 0
82.0 17.332613
0.0 0
84.0 17.61477
0.0 0
86.0 17.60687
0.0 0
0.0 0
89.0 16.978182
0.0 0
91.0 17.369572
0.0 0
93.0 16.387737
0.0 0
0.0 0
0.0 0
97.0 16.800451
0.0 0
99.0 16.48647
0.0 0
2.0 15.051748
0.0 0
0.0 0
5.0 16.499804
0.0 0
7.0 14.260998
0.0 0
0.0 0
0.0 0
0.0 0
0.0 0
0.0 0
14.0 16.200537
0.0 0
0.0 0
17.0 16.54511
0.0 0
0.0 0
0.0 0
21.0 16.473137
0.0 0
0.0 0
0.0 0
25.0 17.245445
0.0 0
0.0 0
0.0 0
29.0 18.750738
0.0 0
31.0 17.049704
0.0 0
33.0 16.382397
0.0 0
0.0 0
0.0 0
0.0 0
38.0 17.843702
0.0 0
40.0 17.856848
0.0 0
42.0 17.086767
0.0 0
44.0 16.988783
0.0 0
46.0 17.266584
0.0 0
0.0 0
0.0 0
50.0 16.291533
0.0 0
0.0 0
0.0 0
54.0 17.068237
0.0 0
0.0 0
0.0 0
58.0 18.166718
0.0 0
0.0 0
61.0 17.348454
0.0 0
63.0 17.825296
0.0 0
0.0 0
0.0 0
67.0 17.854218
0.0 0
69.0 17.245445
0.0 0
71.0 19.095634
0.0 0
0.0 0
74.0 17.04176
0.0 0
0.0 0
0.0 0
0.0 0
79.0 17.985601
0.0 0
81.0 17.451363
0.0 0
0.0 0
84.0 18.140484
0.0 0
86.0 17.930435
0.0 0
0.0 0
89.0 17.454
0.0 0
91.0 17.456638
0.0 0
93.0 16.085262
0.0 0
0.0 0
96.0 17.575258
0.0 0
0.0 0
99.0 17.762177
0.0 0
0.0 0
3.0 16.866814
0.0 0
5.0 16.462467
0.0 0
7.0 14.373801
0.0 0
0.0 0
0.0 0
0.0 0
0.0 0
13.0 16.181786
0.0 0
15.0 15.273621
0.0 0
17.0 15.404485
0.0 0
0.0 0
0.0 0
21.0 15.942852
0.0 0
0.0 0
0.0 0
25.0 17.975096
0.0 0
0.0 0
0.0 0
29.0 18.622566
0.0 0
31.0 17.522552
0.0 0
33.0 16.106724
0.0 0
0.0 0
36.0 17.123816
0.0 0
38.0 17.356373
0.0 0
40.0 16.7048
0.0 0
42.0 16.47047
0.0 0
44.0 17.02057
0.0 0
46.0 16.264784
0.0 0
48.0 13.083413
0.0 0
0.0 0
51.0 12.589918
0.0 0
0.0 0
54.0 15.899787
0.0 0
0.0 0
0.0 0
58.0 17.864735
0.0 0
0.0 0
61.0 16.834967
0.0 0
63.0 18.108994
0.0 0
65.0 17.641104
0.0 0
67.0 17.591064
0.0 0
69.0 17.332613
0.0 0
71.0 19.12174
0.0 0
0.0 0
0.0 0
0.0 0
0.0 0
0.0 0
0.0 0
79.0 18.27686
0.0 0
0.0 0
82.0 18.863146
0.0 0
84.0 19.627726
0.0 0
86.0 19.226147
0.0 0
0.0 0
89.0 18.575462
0.0 0
91.0 18.54667
0.0 0
93.0 17.485643
0.0 0
0.0 0
96.0 18.5362
0.0 0
98.0 17.123816
0.0 0
1.0 16.938425
0.0 0
3.0 16.526457
0.0 0
0.0 0
6.0 18.410507
0.0 0
8.0 14.856082
0.0 0
0.0 0
0.0 0
0.0 0
0.0 0
0.0 0
0.0 0
16.0 18.638266
0.0 0
0.0 0
0.0 0
20.0 19.254848
0.0 0
0.0 0
0.0 0
24.0 19.742363
0.0 0
26.0 16.938425
0.0 0
0.0 0
29.0 19.106075
0.0 0
31.0 17.78585
0.0 0
33.0 15.69473
0.0 0
0.0 0
36.0 16.47047
0.0 0
38.0 16.824348
0.0 0
40.0 16.611689
0.0 0
42.0 16.379725
0.0 0
44.0 16.651606
0.0 0
46.0 12.240945
0.0 0
48.0 12.113078
0.0 0
0.0 0
51.0 10.311531
0.0 0
0.0 0
0.0 0
55.0 16.48647
0.0 0
0.0 0
58.0 17.256016
0.0 0
0.0 0
61.0 16.858852
0.0 0
63.0 18.156225
0.0 0
0.0 0
0.0 0
67.0 18.174587
0.0 0
0.0 0
0.0 0
71.0 19.103466
0.0 0
0.0 0
74.0 14.246861
0.0 0
76.0 14.639681
0.0 0
0.0 0
79.0 16.51313
0.0 0
0.0 0
82.0 18.795185
0.0 0
0.0 0
85.0 19.617302
0.0 0
87.0 19.617302
0.0 0
89.0 18.894508
0.0 0
91.0 19.43483
0.0 0
93.0 16.670227
0.0 0
95.0 15.208023
0.0 0
0.0 0
98.0 15.270891
0.0 0
0.0 0
2.0 19.236584
0.0 0
4.0 18.10112
0.0 0
6.0 19.716314
0.0 0
8.0 14.463664
0.0 0
0.0 0
0.0 0
0.0 0
0.0 0
0.0 0
0.0 0
16.0 19.677233
0.0 0
18.0 19.716314
0.0 0
0.0 0
21.0 19.596453
0.0 0
0.0 0
24.0 19.583424
0.0 0
26.0 16.427782
0.0 0
0.0 0
29.0 18.988564
0.0 0
0.0 0
32.0 18.024994
0.0 0
34.0 16.906605
0.0 0
36.0 18.925863
0.0 0
38.0 17.980349
0.0 0
40.0 19.200048
0.0 0
42.0 18.530964
0.0 0
0.0 0
0.0 0
0.0 0
0.0 0
48.0 18.55714
0.0 0
0.0 0
51.0 18.71151
0.0 0
0.0 0
54.0 18.358109
0.0 0
0.0 0
57.0 17.261301
0.0 0
59.0 15.950924
0.0 0
61.0 17.163494
0.0 0
63.0 18.512638
0.0 0
0.0 0
0.0 0
67.0 17.933064
0.0 0
69.0 15.621668
0.0 0
71.0 19.053856
0.0 0
0.0 0
74.0 13.311437
0.0 0
76.0 13.18888
0.0 0
78.0 14.620181
0.0 0
0.0 0
0.0 0
0.0 0
0.0 0
0.0 0
85.0 19.447865
0.0 0
87.0 18.918026
0.0 0
89.0 18.601631
0.0 0
91.0 19.395712
0.0 0
0.0 0
94.0 16.96758
0.0 0
96.0 17.18465
0.0 0
0.0 0
0.0 0
0.0 0
2.0 19.635544
0.0 0
4.0 17.91467
0.0 0
6.0 18.63303
0.0 0
8.0 14.167525
0.0 0
0.0 0
0.0 0
0.0 0
0.0 0
0.0 0
0.0 0
16.0 19.606878
0.0 0
0.0 0
19.0 19.523472
0.0 0
21.0 19.215706
0.0 0
0.0 0
24.0 19.640755
0.0 0
26.0 16.095993
0.0 0
0.0 0
29.0 19.627726
0.0 0
0.0 0
32.0 19.640755
0.0 0
34.0 17.08147
0.0 0
36.0 19.638147
0.0 0
38.0 19.330507
0.0 0
40.0 19.45569
0.0 0
42.0 19.335724
0.0 0
44.0 19.317465
0.0 0
0.0 0
47.0 16.742012
0.0 0
49.0 16.986132
0.0 0
0.0 0
0.0 0
0.0 0
54.0 18.580698
0.0 0
0.0 0
57.0 17.285076
0.0 0
59.0 14.469271
0.0 0
61.0 16.975534
0.0 0
63.0 16.539782
0.0 0
0.0 0
0.0 0
67.0 17.15556
0.0 0
69.0 15.101175
0.0 0
71.0 18.575464
0.0 0
0.0 0
74.0 14.645248
0.0 0
0.0 0
0.0 0
78.0 16.044994
0.0 0
0.0 0
0.0 0
82.0 18.737661
0.0 0
0.0 0
85.0 18.326662
0.0 0
87.0 17.430262
0.0 0
89.0 17.854218
0.0 0
91.0 19.484367
0.0 0
93.0 17.46455
0.0 0
0.0 0
0.0 0
0.0 0
98.0 19.580816
0.0 0
0.0 0
2.0 19.901226
0.0 0
4.0 19.645966
0.0 0
0.0 0
7.0 19.742363
0.0 0
0.0 0
0.0 0
0.0 0
0.0 0
0.0 0
0.0 0
0.0 0
0.0 0
17.0 19.233973
0.0 0
0.0 0
0.0 0
21.0 19.47394
0.0 0
0.0 0
24.0 19.731943
0.0 0
26.0 16.417105
0.0 0
0.0 0
29.0 19.666813
0.0 0
0.0 0
32.0 19.557358
0.0 0
34.0 16.646286
0.0 0
36.0 18.77427
0.0 0
38.0 18.852694
0.0 0
40.0 19.645966
0.0 0
42.0 18.949379
0.0 0
44.0 19.051243
0.0 0
0.0 0
47.0 14.583927
0.0 0
0.0 0
0.0 0
51.0 16.12818
0.0 0
0.0 0
0.0 0
0.0 0
56.0 18.206062
0.0 0
58.0 16.898647
0.0 0
0.0 0
61.0 16.098677
0.0 0
63.0 16.824347
0.0 0
0.0 0
66.0 16.542444
0.0 0
68.0 15.208022
0.0 0
0.0 0
71.0 18.00136
0.0 0
0.0 0
74.0 15.374532
0.0 0
0.0 0
0.0 0
0.0 0
0.0 0
0.0 0
0.0 0
82.0 18.36335
0.0 0
0.0 0
85.0 17.927807
0.0 0
0.0 0
0.0 0
89.0 17.562082
0.0 0
91.0 18.640882
0.0 0
93.0 18.829168
0.0 0
0.0 0
96.0 15.448009
0.0 0
0.0 0
0.0 0
0.0 0
2.0 19.799667
0.0 0
0.0 0
5.0 19.739758
0.0 0
7.0 19.442652
0.0 0
0.0 0
0.0 0
0.0 0
0.0 0
0.0 0
0.0 0
0.0 0
16.0 19.69026
0.0 0
0.0 0
19.0 19.742363
0.0 0
0.0 0
22.0 19.643362
0.0 0
24.0 19.700684
0.0 0
26.0 16.189823
0.0 0
0.0 0
29.0 19.001623
0.0 0
0.0 0
32.0 19.176558
0.0 0
34.0 16.320942
0.0 0
36.0 19.898623
0.0 0
38.0 19.215706
0.0 0
40.0 19.228754
0.0 0
42.0 19.312244
0.0 0
44.0 17.593697
0.0 0
46.0 12.208321
0.0 0
0.0 0
0.0 0
0.0 0
0.0 0
52.0 18.211306
0.0 0
0.0 0
55.0 18.763811
0.0 0
0.0 0
58.0 17.720078
0.0 0
0.0 0
61.0 15.775775
0.0 0
63.0 17.554176
0.0 0
0.0 0
66.0 16.401089
0.0 0
0.0 0
69.0 15.605418
0.0 0
71.0 18.303074
0.0 0
0.0 0
74.0 15.284543
0.0 0
0.0 0
0.0 0
78.0 15.837818
0.0 0
0.0 0
0.0 0
82.0 18.5362
0.0 0
0.0 0
85.0 18.9128
0.0 0
0.0 0
0.0 0
89.0 18.035496
0.0 0
91.0 18.755966
0.0 0
93.0 18.095871
0.0 0
0.0 0
96.0 18.122114
0.0 0
98.0 16.467802
0.0 0
0.0 0
0.0 0
3.0 19.755388
0.0 0
5.0 19.711102
0.0 0
7.0 19.591242
0.0 0
0.0 0
0.0 0
0.0 0
0.0 0
0.0 0
0.0 0
0.0 0
0.0 0
17.0 19.413969
0.0 0
19.0 18.784727
0.0 0
0.0 0
0.0 0
23.0 19.703287
0.0 0
25.0 19.80227
0.0 0
0.0 0
0.0 0
29.0 19.309637
0.0 0
0.0 0
32.0 19.533901
0.0 0
34.0 16.561094
0.0 0
36.0 19.619907
0.0 0
38.0 19.296593
0.0 0
40.0 19.163507
0.0 0
42.0 18.985949
0.0 0
44.0 12.056793
0.0 0
0.0 0
0.0 0
48.0 14.141964
0.0 0
0.0 0
0.0 0
0.0 0
0.0 0
54.0 18.069624
0.0 0
56.0 17.192581
0.0 0
58.0 17.324692
0.0 0
60.0 16.83762
0.0 0
0.0 0
63.0 17.580524
0.0 0
0.0 0
66.0 16.489138
0.0 0
0.0 0
69.0 15.681209
0.0 0
71.0 17.93569
0.0 0
0.0 0
74.0 15.543065
0.0 0
0.0 0
0.0 0
0.0 0
0.0 0
80.0 19.231363
0.0 0
82.0 18.5964
0.0 0
84.0 18.345007
0.0 0
86.0 17.446087
0.0 0
0.0 0
89.0 17.943573
0.0 0
0.0 0
0.0 0
93.0 18.884056
0.0 0
0.0 0
0.0 0
0.0 0
98.0 19.032963
0.0 0
0.0 0
0.0 0
0.0 0
4.0 19.69547
0.0 0
6.0 19.486975
0.0 0
8.0 14.659167
0.0 0
0.0 0
0.0 0
0.0 0
0.0 0
0.0 0
0.0 0
0.0 0
17.0 18.52573
0.0 0
0.0 0
0.0 0
0.0 0
0.0 0
23.0 19.724127
0.0 0
25.0 19.632936
0.0 0
0.0 0
28.0 19.757992
0.0 0
0.0 0
0.0 0
32.0 19.651178
0.0 0
34.0 16.675547
0.0 0
36.0 19.596453
0.0 0
38.0 19.009457
0.0 0
0.0 0
41.0 19.153067
0.0 0
43.0 12.574157
0.0 0
0.0 0
0.0 0
47.0 14.096449
0.0 0
0.0 0
0.0 0
0.0 0
0.0 0
53.0 17.680597
0.0 0
0.0 0
0.0 0
57.0 17.93569
0.0 0
59.0 17.720078
0.0 0
0.0 0
0.0 0
0.0 0
64.0 17.279793
0.0 0
66.0 16.726065
0.0 0
0.0 0
69.0 15.808156
0.0 0
71.0 18.237532
0.0 0
0.0 0
74.0 16.617012
0.0 0
76.0 18.019741
0.0 0
0.0 0
0.0 0
80.0 19.103466
0.0 0
82.0 19.014683
0.0 0
84.0 18.43408
0.0 0
0.0 0
0.0 0
0.0 0
89.0 18.019741
0.0 0
91.0 18.32142
0.0 0
93.0 18.949379
0.0 0
0.0 0
0.0 0
0.0 0
98.0 18.83701
0.0 0
0.0 0
0.0 0
0.0 0
0.0 0
5.0 19.893415
0.0 0
7.0 19.755388
0.0 0
0.0 0
0.0 0
0.0 0
0.0 0
0.0 0
0.0 0
0.0 0
0.0 0
17.0 19.703287
0.0 0
0.0 0
0.0 0
21.0 19.898623
0.0 0
23.0 19.515652
0.0 0
0.0 0
0.0 0
0.0 0
28.0 19.207878
0.0 0
0.0 0
0.0 0
32.0 19.293985
0.0 0
34.0 16.184467
0.0 0
36.0 19.760597
0.0 0
0.0 0
0.0 0
40.0 19.296593
0.0 0
42.0 15.073726
0.0 0
44.0 16.366371
0.0 0
0.0 0
0.0 0
0.0 0
0.0 0
50.0 17.100002
0.0 0
0.0 0
53.0 18.074875
0.0 0
0.0 0
56.0 18.022366
0.0 0
0.0 0
59.0 18.413126
0.0 0
0.0 0
0.0 0
63.0 17.438175
0.0 0
0.0 0
66.0 16.83762
0.0 0
0.0 0
69.0 16.17107
0.0 0
71.0 18.703663
0.0 0
0.0 0
0.0 0
0.0 0
76.0 18.606865
0.0 0
78.0 18.957216
0.0 0
80.0 18.907574
0.0 0
0.0 0
83.0 18.957216
0.0 0
85.0 18.67489
0.0 0
0.0 0
88.0 18.653963
0.0 0
90.0 18.287344
0.0 0
0.0 0
93.0 18.439318
0.0 0
0.0 0
0.0 0
97.0 18.619951
0.0 0
0.0 0
1.0 18.782114
0.0 0
0.0 0
0.0 0
0.0 0
6.0 19.86998
0.0 0
8.0 14.227054
0.0 0
0.0 0
0.0 0
0.0 0
0.0 0
0.0 0
0.0 0
16.0 19.536507
0.0 0
18.0 19.056467
0.0 0
0.0 0
0.0 0
0.0 0
0.0 0
0.0 0
25.0 19.773623
0.0 0
0.0 0
28.0 19.93247
0.0 0
0.0 0
0.0 0
32.0 19.54954
0.0 0
34.0 15.921324
0.0 0
36.0 19.682444
0.0 0
0.0 0
0.0 0
40.0 19.505224
0.0 0
42.0 15.224434
0.0 0
44.0 12.257218
0.0 0
0.0 0
47.0 15.480623
0.0 0
0.0 0
50.0 16.14963
0.0 0
0.0 0
53.0 17.525188
0.0 0
0.0 0
0.0 0
0.0 0
58.0 18.938929
0.0 0
60.0 17.332613
0.0 0
0.0 0
0.0 0
64.0 18.297832
0.0 0
0.0 0
67.0 17.856848
0.0 0
69.0 18.268995
0.0 0
71.0 19.301811
0.0 0
0.0 0
74.0 18.928476
0.0 0
0.0 0
77.0 19.387888
0.0 0
79.0 18.771656
0.0 0
81.0 18.946766
0.0 0
83.0 18.502169
0.0 0
85.0 16.638304
0.0 0
0.0 0
88.0 18.96244
0.0 0
90.0 18.308315
0.0 0
0.0 0
93.0 18.381691
0.0 0
0.0 0
0.0 0
0.0 0
98.0 19.34355
0.0 0
0.0 0
0.0 0
0.0 0
0.0 0
5.0 19.781435
0.0 0
7.0 19.583424
0.0 0
0.0 0
0.0 0
0.0 0
0.0 0
0.0 0
0.0 0
0.0 0
0.0 0
0.0 0
0.0 0
0.0 0
20.0 19.651178
0.0 0
0.0 0
0.0 0
24.0 19.888208
0.0 0
0.0 0
27.0 19.86477
0.0 0
29.0 19.828316
0.0 0
0.0 0
32.0 19.559963
0.0 0
34.0 15.379979
0.0 0
36.0 18.826555
0.0 0
38.0 19.194828
0.0 0
40.0 17.664803
0.0 0
42.0 10.983772
0.0 0
0.0 0
0.0 0
46.0 16.020819
0.0 0
0.0 0
0.0 0
0.0 0
0.0 0
0.0 0
0.0 0
54.0 17.738497
0.0 0
0.0 0
0.0 0
58.0 18.507404
0.0 0
60.0 17.110584
0.0 0
0.0 0
0.0 0
64.0 18.761196
0.0 0
0.0 0
67.0 18.308315
0.0 0
0.0 0
70.0 18.810871
0.0 0
0.0 0
0.0 0
74.0 19.210487
0.0 0
0.0 0
77.0 19.124352
0.0 0
0.0 0
80.0 19.301811
0.0 0
82.0 16.943727
0.0 0
0.0 0
0.0 0
0.0 0
0.0 0
0.0 0
89.0 18.76904
0.0 0
91.0 18.53882
0.0 0
93.0 18.740276
0.0 0
0.0 0
0.0 0
97.0 18.735046
0.0 0
0.0 0
0.0 0
0.0 0
3.0 19.854357
0.0 0
5.0 19.804876
0.0 0
7.0 19.6616
0.0 0
0.0 0
0.0 0
0.0 0
0.0 0
0.0 0
0.0 0
0.0 0
0.0 0
0.0 0
18.0 19.877794
0.0 0
20.0 19.841335
0.0 0
0.0 0
23.0 19.729338
0.0 0
0.0 0
26.0 19.760597
0.0 0
28.0 19.502617
0.0 0
0.0 0
31.0 18.27686
0.0 0
33.0 17.825296
0.0 0
0.0 0
0.0 0
0.0 0
38.0 19.168728
0.0 0
40.0 9.486619
0.0 0
0.0 0
0.0 0
0.0 0
45.0 15.464319
0.0 0
0.0 0
0.0 0
0.0 0
0.0 0
0.0 0
0.0 0
53.0 17.588428
0.0 0
55.0 18.831783
0.0 0
0.0 0
58.0 17.72271
0.0 0
60.0 16.291533
0.0 0
0.0 0
0.0 0
64.0 18.64873
0.0 0
0.0 0
0.0 0
68.0 18.72197
0.0 0
0.0 0
71.0 18.444557
0.0 0
73.0 18.813486
0.0 0
0.0 0
76.0 19.479153
0.0 0
78.0 19.032963
0.0 0
80.0 15.106661
0.0 0
82.0 15.61896
0.0 0
0.0 0
0.0 0
0.0 0
87.0 19.025127
0.0 0
0.0 0
0.0 0
91.0 18.800415
0.0 0
93.0 18.967663
0.0 0
0.0 0
0.0 0
97.0 18.326662
0.0 0
0.0 0
0.0 0
2.0 19.838732
0.0 0
4.0 19.69547
0.0 0
0.0 0
7.0 19.784039
0.0 0
0.0 0
0.0 0
0.0 0
0.0 0
0.0 0
0.0 0
0.0 0
16.0 19.656387
0.0 0
18.0 19.648573
0.0 0
20.0 19.54954
0.0 0
0.0 0
23.0 19.669416
0.0 0
25.0 19.489584
0.0 0
0.0 0
28.0 19.502617
0.0 0
0.0 0
31.0 19.526081
0.0 0
0.0 0
34.0 18.77427
0.0 0
0.0 0
37.0 19.489584
0.0 0
39.0 9.179405
0.0 0
0.0 0
0.0 0
0.0 0
44.0 15.827033
0.0 0
0.0 0
47.0 10.786841
0.0 0
0.0 0
0.0 0
0.0 0
0.0 0
0.0 0
54.0 19.385279
0.0 0
0.0 0
0.0 0
58.0 17.548906
0.0 0
0.0 0
61.0 17.152914
0.0 0
0.0 0
64.0 18.129986
0.0 0
0.0 0
0.0 0
68.0 18.946766
0.0 0
0.0 0
71.0 19.179169
0.0 0
0.0 0
74.0 19.280941
0.0 0
76.0 19.18961
0.0 0
78.0 18.67489
0.0 0
0.0 0
0.0 0
0.0 0
83.0 18.685354
0.0 0
0.0 0
86.0 19.181778
0.0 0
88.0 19.205269
0.0 0
0.0 0
91.0 18.957216
0.0 0
93.0 17.777958
0.0 0
0.0 0
0.0 0
97.0 18.465508
0.0 0
0.0 0
0.0 0
2.0 19.82571
0.0 0
0.0 0
5.0 19.810085
0.0 0
7.0 19.466116
0.0 0
0.0 0
0.0 0
0.0 0
0.0 0
0.0 0
0.0 0
0.0 0
16.0 19.606878
0.0 0
0.0 0
19.0 19.531292
0.0 0
21.0 19.387888
0.0 0
0.0 0
24.0 19.513046
0.0 0
26.0 19.447865
0.0 0
0.0 0
0.0 0
0.0 0
0.0 0
32.0 19.781435
0.0 0
0.0 0
0.0 0
36.0 19.351374
0.0 0
38.0 11.621079
0.0 0
0.0 0
41.0 15.727163
0.0 0
0.0 0
44.0 10.876362
0.0 0
0.0 0
0.0 0
48.0 11.512028
0.0 0
0.0 0
0.0 0
0.0 0
53.0 19.44526
0.0 0
0.0 0
56.0 16.956982
0.0 0
0.0 0
59.0 17.780588
0.0 0
61.0 18.533583
0.0 0
63.0 17.717445
0.0 0
65.0 18.444557
0.0 0
0.0 0
0.0 0
69.0 18.925863
0.0 0
0.0 0
0.0 0
73.0 19.333115
0.0 0
0.0 0
76.0 19.533901
0.0 0
78.0 18.282103
0.0 0
0.0 0
81.0 18.800415
0.0 0
83.0 18.135235
0.0 0
0.0 0
86.0 18.489077
0.0 0
88.0 18.643497
0.0 0
0.0 0
0.0 0
92.0 19.11652
0.0 0
0.0 0
0.0 0
0.0 0
97.0 18.49693
0.0 0
0.0 0
1.0 19.75278
0.0 0
3.0 19.83092
0.0 0
0.0 0
6.0 19.903831
0.0 0
8.0 12.270216
0.0 0
0.0 0
0.0 0
0.0 0
0.0 0
0.0 0
0.0 0
16.0 19.557358
0.0 0
18.0 19.37485
0.0 0
0.0 0
21.0 19.61209
0.0 0
0.0 0
0.0 0
0.0 0
26.0 19.645966
0.0 0
0.0 0
29.0 19.627726
0.0 0
0.0 0
32.0 19.638147
0.0 0
34.0 19.048632
0.0 0
36.0 19.090414
0.0 0
0.0 0
39.0 15.358185
0.0 0
41.0 10.751485
0.0 0
0.0 0
0.0 0
0.0 0
0.0 0
47.0 10.864752
0.0 0
0.0 0
0.0 0
0.0 0
52.0 19.249632
0.0 0
54.0 17.382769
0.0 0
56.0 17.25073
0.0 0
0.0 0
0.0 0
60.0 17.65427
0.0 0
0.0 0
0.0 0
0.0 0
65.0 17.930435
0.0 0
0.0 0
0.0 0
0.0 0
70.0 19.460903
0.0 0
72.0 19.557358
0.0 0
0.0 0
75.0 19.557358
0.0 0
77.0 19.223537
0.0 0
79.0 19.283548
0.0 0
81.0 18.732431
0.0 0
83.0 18.915413
0.0 0
0.0 0
86.0 18.282103
0.0 0
0.0 0
0.0 0
0.0 0
91.0 18.808256
0.0 0
93.0 18.095871
0.0 0
0.0 0
0.0 0
97.0 18.486458
0.0 0
0.0 0
1.0 19.883
0.0 0
3.0 19.744968
0.0 0
0.0 0
6.0 19.838732
0.0 0
8.0 10.96853
0.0 0
0.0 0
0.0 0
0.0 0
0.0 0
0.0 0
0.0 0
0.0 0
0.0 0
18.0 19.6616
0.0 0
20.0 19.502617
0.0 0
22.0 19.24702
0.0 0
0.0 0
0.0 0
0.0 0
27.0 19.583424
0.0 0
29.0 19.755388
0.0 0
31.0 19.526081
0.0 0
0.0 0
0.0 0
35.0 19.546932
0.0 0
37.0 16.280834
0.0 0
39.0 10.066361
0.0 0
0.0 0
0.0 0
43.0 8.11076
0.0 0
0.0 0
46.0 9.870173
0.0 0
0.0 0
0.0 0
0.0 0
51.0 19.074745
0.0 0
53.0 17.51728
0.0 0
55.0 16.7048
0.0 0
57.0 17.203157
0.0 0
59.0 17.039112
0.0 0
61.0 17.382769
0.0 0
0.0 0
64.0 17.948826
0.0 0
0.0 0
0.0 0
0.0 0
69.0 19.108686
0.0 0
0.0 0
72.0 19.213097
0.0 0
74.0 19.335724
0.0 0
76.0 19.6616
0.0 0
78.0 19.153067
0.0 0
80.0 18.920639
0.0 0
82.0 18.564995
0.0 0
84.0 18.145731
0.0 0
0.0 0
87.0 18.483837
0.0 0
89.0 18.455032
0.0 0
91.0 18.098495
0.0 0
93.0 18.129986
0.0 0
0.0 0
96.0 18.048624
0.0 0
98.0 17.477736
0.0 0
1.0 19.692865
0.0 0
3.0 19.786644
0.0 0
0.0 0
6.0 19.737154
0.0 0
8.0 9.260204
0.0 0
0.0 0
0.0 0
0.0 0
0.0 0
0.0 0
0.0 0
0.0 0
17.0 19.622513
0.0 0
0.0 0
20.0 19.630331
0.0 0
22.0 19.090414
0.0 0
0.0 0
25.0 19.223537
0.0 0
0.0 0
28.0 19.51826
0.0 0
30.0 19.476547
0.0 0
32.0 19.111298
0.0 0
34.0 19.056467
0.0 0
36.0 18.093246
0.0 0
38.0 2.1921706
0.0 0
0.0 0
41.0 8.230219
0.0 0
43.0 6.364818
0.0 0
0.0 0
0.0 0
0.0 0
0.0 0
49.0 19.074745
0.0 0
51.0 17.78322
0.0 0
0.0 0
54.0 17.641104
0.0 0
0.0 0
0.0 0
58.0 17.959335
0.0 0
60.0 18.127361
0.0 0
0.0 0
0.0 0
0.0 0
65.0 17.720078
0.0 0
0.0 0
0.0 0
0.0 0
70.0 19.49219
0.0 0
0.0 0
0.0 0
74.0 19.505224
0.0 0
76.0 19.476547
0.0 0
78.0 19.283548
0.0 0
0.0 0
81.0 18.863148
0.0 0
83.0 18.813486
0.0 0
85.0 18.347626
0.0 0
0.0 0
88.0 18.703663
0.0 0
0.0 0
91.0 17.891016
0.0 0
0.0 0
0.0 0
0.0 0
96.0 18.137857
0.0 0
98.0 16.975534
0.0 0
1.0 19.698076
0.0 0
3.0 19.682444
0.0 0
5.0 19.859566
0.0 0
7.0 19.817898
0.0 0
0.0 0
0.0 0
0.0 0
0.0 0
0.0 0
0.0 0
0.0 0
0.0 0
17.0 19.687654
0.0 0
19.0 19.280941
0.0 0
21.0 19.132185
0.0 0
0.0 0
24.0 19.333115
0.0 0
0.0 0
0.0 0
28.0 19.638147
0.0 0
30.0 19.395712
0.0 0
32.0 19.632936
0.0 0
34.0 18.876213
0.0 0
36.0 16.491804
0.0 0
0.0 0
0.0 0
0.0 0
0.0 0
42.0 8.388122
0.0 0
0.0 0
0.0 0
0.0 0
47.0 18.64873
0.0 0
0.0 0
50.0 17.883133
0.0 0
0.0 0
53.0 17.39596
0.0 0
55.0 17.633205
0.0 0
0.0 0
0.0 0
59.0 17.99348
0.0 0
61.0 16.946377
0.0 0
63.0 17.057646
0.0 0
65.0 17.61477
0.0 0
67.0 18.601631
0.0 0
0.0 0
70.0 19.098246
0.0 0
0.0 0
0.0 0
74.0 19.643362
0.0 0
76.0 19.129574
0.0 0
78.0 18.766424
0.0 0
80.0 19.106075
0.0 0
82.0 18.685354
0.0 0
0.0 0
0.0 0
86.0 18.732431
0.0 0
88.0 18.886667
0.0 0
0.0 0
91.0 18.530964
0.0 0
0.0 0
94.0 18.16934
0.0 0
96.0 17.835814
0.0 0
98.0 17.22166
0.0 0
0.0 0
2.0 19.935074
0.0 0
4.0 19.880398
0.0 0
6.0 19.91685
0.0 0
8.0 8.665104
0.0 0
0.0 0
0.0 0
0.0 0
0.0 0
0.0 0
15.0 17.875248
0.0 0
17.0 19.846544
0.0 0
19.0 18.407885
0.0 0
0.0 0
22.0 19.043411
0.0 0
0.0 0
0.0 0
0.0 0
27.0 19.711102
0.0 0
0.0 0
0.0 0
31.0 19.682444
0.0 0
33.0 18.059122
0.0 0
35.0 15.73527
0.0 0
0.0 0
38.0 14.042272
0.0 0
0.0 0
41.0 8.347549
0.0 0
0.0 0
0.0 0
45.0 18.978113
0.0 0
47.0 18.698431
0.0 0
49.0 17.706919
0.0 0
0.0 0
0.0 0
53.0 18.164095
0.0 0
55.0 17.036463
0.0 0
0.0 0
0.0 0
59.0 17.825296
0.0 0
0.0 0
0.0 0
63.0 17.4751
0.0 0
0.0 0
0.0 0
67.0 18.698431
0.0 0
0.0 0
0.0 0
0.0 0
0.0 0
73.0 19.750177
0.0 0
75.0 19.322683
0.0 0
77.0 18.93109
0.0 0
0.0 0
0.0 0
81.0 18.680122
0.0 0
0.0 0
84.0 18.575464
0.0 0
0.0 0
0.0 0
88.0 19.158289
0.0 0
90.0 18.114243
0.0 0
0.0 0
0.0 0
94.0 18.143108
0.0 0
96.0 17.919924
0.0 0
98.0 17.5041
0.0 0
1.0 19.83613
0.0 0
0.0 0
0.0 0
0.0 0
6.0 19.937677
0.0 0
0.0 0
0.0 0
0.0 0
0.0 0
0.0 0
0.0 0
0.0 0
0.0 0
0.0 0
17.0 19.074745
0.0 0
0.0 0
0.0 0
0.0 0
22.0 18.910185
0.0 0
0.0 0
0.0 0
0.0 0
0.0 0
0.0 0
29.0 19.760597
0.0 0
31.0 18.925863
0.0 0
33.0 17.15027
0.0 0
0.0 0
0.0 0
37.0 12.727657
0.0 0
0.0 0
0.0 0
0.0 0
0.0 0
0.0 0
0.0 0
0.0 0
46.0 18.85008
0.0 0
0.0 0
0.0 0
0.0 0
51.0 17.938318
0.0 0
53.0 17.875248
0.0 0
55.0 17.735867
0.0 0
0.0 0
58.0 17.980349
0.0 0
60.0 16.670227
0.0 0
0.0 0
63.0 16.834967
0.0 0
65.0 16.307575
0.0 0
0.0 0
68.0 19.437437
0.0 0
0.0 0
71.0 19.059078
0.0 0
73.0 19.124352
0.0 0
0.0 0
76.0 18.9128
0.0 0
78.0 18.54929
0.0 0
80.0 18.949379
0.0 0
82.0 18.94415
0.0 0
0.0 0
0.0 0
0.0 0
0.0 0
88.0 18.564995
0.0 0
0.0 0
91.0 17.606869
0.0 0
93.0 17.6727
0.0 0
95.0 17.232231
0.0 0
97.0 17.5041
0.0 0
0.0 0
0.0 0
2.0 19.872585
0.0 0
0.0 0
5.0 19.771015
0.0 0
7.0 19.700684
0.0 0
0.0 0
0.0 0
0.0 0
0.0 0
0.0 0
0.0 0
0.0 0
0.0 0
17.0 18.94415
0.0 0
0.0 0
0.0 0
0.0 0
22.0 19.424398
0.0 0
24.0 19.257456
0.0 0
26.0 19.330507
0.0 0
28.0 16.406427
0.0 0
0.0 0
31.0 16.122818
0.0 0
33.0 14.385051
0.0 0
0.0 0
0.0 0
37.0 10.303092
0.0 0
0.0 0
0.0 0
0.0 0
0.0 0
43.0 18.29521
0.0 0
45.0 16.320942
0.0 0
0.0 0
0.0 0
49.0 17.822668
0.0 0
0.0 0
52.0 18.135235
0.0 0
54.0 16.983482
0.0 0
0.0 0
0.0 0
58.0 17.107937
0.0 0
60.0 16.70214
0.0 0
0.0 0
63.0 16.122818
0.0 0
65.0 16.728722
0.0 0
0.0 0
0.0 0
69.0 18.985949
0.0 0
71.0 19.126963
0.0 0
73.0 18.77427
0.0 0
75.0 18.347626
0.0 0
77.0 19.11652
0.0 0
79.0 18.410507
0.0 0
0.0 0
82.0 18.371212
0.0 0
84.0 18.499548
0.0 0
86.0 18.578081
0.0 0
88.0 18.187702
0.0 0
90.0 18.009237
0.0 0
92.0 18.300451
0.0 0
0.0 0
0.0 0
96.0 17.68323
0.0 0
98.0 16.59039
0.0 0
1.0 19.784039
0.0 0
0.0 0
4.0 19.823107
0.0 0
6.0 19.674627
0.0 0
0.0 0
0.0 0
0.0 0
0.0 0
0.0 0
0.0 0
0.0 0
0.0 0
0.0 0
0.0 0
0.0 0
0.0 0
20.0 19.84915
0.0 0
22.0 19.108686
0.0 0
24.0 13.356021
0.0 0
0.0 0
27.0 14.387861
0.0 0
29.0 14.689761
0.0 0
31.0 7.3611336
0.0 0
33.0 12.053471
0.0 0
35.0 7.414426
0.0 0
37.0 9.732672
0.0 0
0.0 0
0.0 0
0.0 0
42.0 18.003984
0.0 0
44.0 13.385672
0.0 0
0.0 0
0.0 0
0.0 0
0.0 0
50.0 17.95408
0.0 0
52.0 17.975096
0.0 0
54.0 17.496191
0.0 0
56.0 18.24802
0.0 0
0.0 0
0.0 0
60.0 16.219284
0.0 0
0.0 0
63.0 15.902482
0.0 0
0.0 0
0.0 0
67.0 18.886667
0.0 0
69.0 19.095634
0.0 0
71.0 18.255884
0.0 0
0.0 0
0.0 0
75.0 18.742891
0.0 0
0.0 0
0.0 0
79.0 18.5964
0.0 0
81.0 18.533583
0.0 0
0.0 0
0.0 0
85.0 18.5964
0.0 0
87.0 18.048624
0.0 0
89.0 17.596333
0.0 0
91.0 17.709549
0.0 0
93.0 17.09206
0.0 0
0.0 0
0.0 0
97.0 17.282434
0.0 0
0.0 0
1.0 19.262678
0.0 0
0.0 0
4.0 19.83613
0.0 0
6.0 19.86217
0.0 0
0.0 0
0.0 0
0.0 0
0.0 0
0.0 0
0.0 0
0.0 0
0.0 0
16.0 19.724127
0.0 0
18.0 17.137043
0.0 0
20.0 15.205287
0.0 0
22.0 14.311826
0.0 0
24.0 15.320017
0.0 0
0.0 0
27.0 15.314563
0.0 0
29.0 16.465136
0.0 0
31.0 8.110763
0.0 0
33.0 11.865483
0.0 0
0.0 0
0.0 0
0.0 0
0.0 0
0.0 0
40.0 18.3188
0.0 0
42.0 13.444804
0.0 0
0.0 0
0.0 0
0.0 0
0.0 0
48.0 17.985601
0.0 0
50.0 18.108994
0.0 0
52.0 17.959335
0.0 0
0.0 0
55.0 18.16934
0.0 0
57.0 17.147623
0.0 0
0.0 0
60.0 16.256756
0.0 0
0.0 0
0.0 0
0.0 0
65.0 16.283508
0.0 0
0.0 0
68.0 18.5362
0.0 0
70.0 18.431463
0.0 0
0.0 0
0.0 0
0.0 0
75.0 18.946766
0.0 0
0.0 0
78.0 18.795185
0.0 0
80.0 18.656578
0.0 0
0.0 0
0.0 0
84.0 18.638266
0.0 0
0.0 0
87.0 18.483837
0.0 0
0.0 0
90.0 17.577892
0.0 0
0.0 0
93.0 17.277151
0.0 0
0.0 0
96.0 17.02057
0.0 0
98.0 17.105293
0.0 0
0.0 0
2.0 19.591242
0.0 0
0.0 0
0.0 0
6.0 19.84394
0.0 0
0.0 0
0.0 0
0.0 0
0.0 0
0.0 0
0.0 0
0.0 0
15.0 16.829657
0.0 0
17.0 13.421177
0.0 0
0.0 0
20.0 12.043497
0.0 0
22.0 17.65427
0.0 0
0.0 0
25.0 16.33698
0.0 0
27.0 14.258173
0.0 0
29.0 14.13912
0.0 0
31.0 13.623825
0.0 0
33.0 12.879168
0.0 0
0.0 0
0.0 0
37.0 18.240154
0.0 0
39.0 18.72197
0.0 0
0.0 0
0.0 0
43.0 15.775775
0.0 0
0.0 0
46.0 16.350342
0.0 0
48.0 17.440813
0.0 0
50.0 18.056498
0.0 0
52.0 17.00203
0.0 0
0.0 0
55.0 17.822668
0.0 0
0.0 0
58.0 17.35637
0.0 0
0.0 0
61.0 16.262106
0.0 0
0.0 0
64.0 16.090626
0.0 0
0.0 0
67.0 18.072248
0.0 0
69.0 18.776884
0.0 0
71.0 17.896275
0.0 0
0.0 0
0.0 0
75.0 18.358109
0.0 0
0.0 0
0.0 0
79.0 18.428844
0.0 0
0.0 0
0.0 0
83.0 18.468126
0.0 0
0.0 0
86.0 18.229666
0.0 0
0.0 0
89.0 17.477736
0.0 0
91.0 16.739353
0.0 0
0.0 0
94.0 16.805763
0.0 0
0.0 0
97.0 17.940947
0.0 0
0.0 0
1.0 19.83613
0.0 0
0.0 0
4.0 19.82571
0.0 0
6.0 19.68505
0.0 0
0.0 0
0.0 0
0.0 0
0.0 0
0.0 0
0.0 0
0.0 0
15.0 16.651606
0.0 0
17.0 13.632581
0.0 0
0.0 0
0.0 0
0.0 0
22.0 16.138905
0.0 0
24.0 17.37749
0.0 0
26.0 13.990815
0.0 0
0.0 0
0.0 0
0.0 0
31.0 18.166718
0.0 0
33.0 14.786893
0.0 0
0.0 0
0.0 0
37.0 18.748121
0.0 0
39.0 14.500081
0.0 0
0.0 0
0.0 0
0.0 0
44.0 16.462467
0.0 0
0.0 0
47.0 17.664803
0.0 0
49.0 17.200512
0.0 0
51.0 16.86416
0.0 0
0.0 0
54.0 17.070883
0.0 0
0.0 0
0.0 0
0.0 0
59.0 16.850891
0.0 0
0.0 0
62.0 16.462467
0.0 0
64.0 15.808156
0.0 0
0.0 0
67.0 17.843702
0.0 0
69.0 17.940947
0.0 0
71.0 17.448725
0.0 0
0.0 0
74.0 17.893646
0.0 0
0.0 0
77.0 18.49693
0.0 0
79.0 18.022366
0.0 0
0.0 0
0.0 0
83.0 18.242777
0.0 0
0.0 0
0.0 0
87.0 17.930435
0.0 0
89.0 17.134398
0.0 0
0.0 0
0.0 0
0.0 0
94.0 17.546272
0.0 0
96.0 17.596333
0.0 0
98.0 17.052351
0.0 0
0.0 0
0.0 0
0.0 0
0.0 0
0.0 0
0.0 0
0.0 0
0.0 0
0.0 0
0.0 0
0.0 0
0.0 0
0.0 0
0.0 0
0.0 0
0.0 0
0.0 0
0.0 0
0.0 0
0.0 0
0.0 0
0.0 0
0.0 0
0.0 0
0.0 0
0.0 0
0.0 0
0.0 0
0.0 0
0.0 0
0.0 0
0.0 0
0.0 0
0.0 0
0.0 0
0.0 0
0.0 0
0.0 0
0.0 0
0.0 0
0.0 0
0.0 0
0.0 0
0.0 0
0.0 0
0.0 0
0.0 0
0.0 0
0.0 0
0.0 0
0.0 0
0.0 0
0.0 0
0.0 0
0.0 0
0.0 0
0.0 0
0.0 0
0.0 0
0.0 0
0.0 0
0.0 0
0.0 0
0.0 0
0.0 0
0.0 0
0.0 0
0.0 0
0.0 0
0.0 0
0.0 0
0.0 0
0.0 0
0.0 0
0.0 0
0.0 0
0.0 0
0.0 0
0.0 0
0.0 0
0.0 0
0.0 0
0.0 0
0.0 0
0.0 0
0.0 0
0.0 0
0.0 0
0.0 0
0.0 0
0.0 0
0.0 0
0.0 0
0.0 0
0.0 0
0.0 0
0.0 0
0.0 0
0.0 0
0.0 0
0.0 0
0.0 0
0.0 0
0.0 0
0.0 0
0.0 0
0.0 0
0.0 0
0.0 0
0.0 0
0.0 0
0.0 0
0.0 0
0.0 0
0.0 0
0.0 0
0.0 0
0.0 0
0.0 0
0.0 0
0.0 0
0.0 0
0.0 0
0.0 0
0.0 0
0.0 0
0.0 0
0.0 0
0.0 0
0.0 0
0.0 0
0.0 0
0.0 0
0.0 0
0.0 0
0.0 0
0.0 0
0.0 0
0.0 0
0.0 0
0.0 0
0.0 0
0.0 0
0.0 0
0.0 0
0.0 0
0.0 0
0.0 0
0.0 0
0.0 0
0.0 0
0.0 0
0.0 0
0.0 0
0.0 0
0.0 0
0.0 0
0.0 0
0.0 0
0.0 0
0.0 0
0.0 0
0.0 0
0.0 0
0.0 0
0.0 0
0.0 0
0.0 0
0.0 0
0.0 0
0.0 0
0.0 0
0.0 0
0.0 0
0.0 0
0.0 0
0.0 0
0.0 0
0.0 0
0.0 0
0.0 0
0.0 0
0.0 0
0.0 0
0.0 0
0.0 0
0.0 0
0.0 0
0.0 0
0.0 0
0.0 0
0.0 0
0.0 0
0.0 0
0.0 0
0.0 0
0.0 0
0.0 0
